0.00000 1.00000
1.00000 0.99947
2.00000 0.99875
3.00000 0.99815
4.00000 0.99765
5.00000 0.99710
6.00000 0.99648
7.00000 0.99587
8.00000 0.99529
9.00000 0.99468
10.00000 0.99403
11.00000 0.99339
12.00000 0.99275
13.00000 0.99209
14.00000 0.99139
15.00000 0.99070
16.00000 0.99001
17.00000 0.98929
18.00000 0.98856
19.00000 0.98781
20.00000 0.98707
21.00000 0.98631
22.00000 0.98552
23.00000 0.98473
24.00000 0.98394
25.00000 0.98313
26.00000 0.98229
27.00000 0.98145
28.00000 0.98061
29.00000 0.97975
30.00000 0.97887
31.00000 0.97798
32.00000 0.97709
33.00000 0.97619
34.00000 0.97526
35.00000 0.97432
36.00000 0.97339
37.00000 0.97243
38.00000 0.97146
39.00000 0.97048
40.00000 0.96950
41.00000 0.96850
42.00000 0.96748
43.00000 0.96645
44.00000 0.96542
45.00000 0.96438
46.00000 0.96332
47.00000 0.96224
48.00000 0.96117
49.00000 0.96008
50.00000 0.95897
51.00000 0.95786
52.00000 0.95673
53.00000 0.95560
54.00000 0.95446
55.00000 0.95329
56.00000 0.95213
57.00000 0.95095
58.00000 0.94976
59.00000 0.94856
60.00000 0.94735
61.00000 0.94613
62.00000 0.94490
63.00000 0.94366
64.00000 0.94241
65.00000 0.94115
66.00000 0.93988
67.00000 0.93859
68.00000 0.93730
69.00000 0.93600
70.00000 0.93469
71.00000 0.93336
72.00000 0.93203
73.00000 0.93069
74.00000 0.92934
75.00000 0.92798
76.00000 0.92660
77.00000 0.92522
78.00000 0.92383
79.00000 0.92243
80.00000 0.92102
81.00000 0.91960
82.00000 0.91817
83.00000 0.91674
84.00000 0.91529
85.00000 0.91383
86.00000 0.91237
87.00000 0.91090
88.00000 0.90941
89.00000 0.90792
90.00000 0.90642
91.00000 0.90491
92.00000 0.90339
93.00000 0.90186
94.00000 0.90032
95.00000 0.89878
96.00000 0.89723
97.00000 0.89567
98.00000 0.89409
99.00000 0.89252
100.00000 0.89093
101.00000 0.88934
102.00000 0.88773
103.00000 0.88612
104.00000 0.88450
105.00000 0.88288
106.00000 0.88124
107.00000 0.87960
108.00000 0.87795
109.00000 0.87629
110.00000 0.87462
111.00000 0.87295
112.00000 0.87127
113.00000 0.86958
114.00000 0.86788
115.00000 0.86618
116.00000 0.86446
117.00000 0.86275
118.00000 0.86102
119.00000 0.85929
120.00000 0.85755
121.00000 0.85580
122.00000 0.85405
123.00000 0.85229
124.00000 0.85052
125.00000 0.84875
126.00000 0.84697
127.00000 0.84518
128.00000 0.84338
129.00000 0.84158
130.00000 0.83978
131.00000 0.83796
132.00000 0.83614
133.00000 0.83432
134.00000 0.83248
135.00000 0.83065
136.00000 0.82880
137.00000 0.82695
138.00000 0.82509
139.00000 0.82323
140.00000 0.82137
141.00000 0.81949
142.00000 0.81761
143.00000 0.81573
144.00000 0.81384
145.00000 0.81194
146.00000 0.81004
147.00000 0.80813
148.00000 0.80622
149.00000 0.80430
150.00000 0.80238
151.00000 0.80045
152.00000 0.79852
153.00000 0.79658
154.00000 0.79464
155.00000 0.79269
156.00000 0.79074
157.00000 0.78878
158.00000 0.78682
159.00000 0.78486
160.00000 0.78288
161.00000 0.78091
162.00000 0.77893
163.00000 0.77694
164.00000 0.77496
165.00000 0.77296
166.00000 0.77096
167.00000 0.76896
168.00000 0.76696
169.00000 0.76495
170.00000 0.76293
171.00000 0.76092
172.00000 0.75890
173.00000 0.75687
174.00000 0.75484
175.00000 0.75281
176.00000 0.75078
177.00000 0.74874
178.00000 0.74670
179.00000 0.74465
180.00000 0.74260
181.00000 0.74055
182.00000 0.73849
183.00000 0.73643
184.00000 0.73437
185.00000 0.73230
186.00000 0.73024
187.00000 0.72817
188.00000 0.72609
189.00000 0.72402
190.00000 0.72194
191.00000 0.71986
192.00000 0.71777
193.00000 0.71568
194.00000 0.71359
195.00000 0.71150
196.00000 0.70941
197.00000 0.70731
198.00000 0.70521
199.00000 0.70311
200.00000 0.70101
201.00000 0.69890
202.00000 0.69679
203.00000 0.69468
204.00000 0.69257
205.00000 0.69046
206.00000 0.68835
207.00000 0.68623
208.00000 0.68411
209.00000 0.68199
210.00000 0.67987
211.00000 0.67774
212.00000 0.67562
213.00000 0.67349
214.00000 0.67136
215.00000 0.66924
216.00000 0.66711
217.00000 0.66497
218.00000 0.66284
219.00000 0.66071
220.00000 0.65857
221.00000 0.65644
222.00000 0.65430
223.00000 0.65216
224.00000 0.65002
225.00000 0.64788
226.00000 0.64575
227.00000 0.64360
228.00000 0.64146
229.00000 0.63932
230.00000 0.63718
231.00000 0.63504
232.00000 0.63289
233.00000 0.63075
234.00000 0.62860
235.00000 0.62646
236.00000 0.62432
237.00000 0.62217
238.00000 0.62002
239.00000 0.61788
240.00000 0.61574
241.00000 0.61359
242.00000 0.61145
243.00000 0.60930
244.00000 0.60716
245.00000 0.60501
246.00000 0.60287
247.00000 0.60072
248.00000 0.59858
249.00000 0.59644
250.00000 0.59430
251.00000 0.59215
252.00000 0.59001
253.00000 0.58787
254.00000 0.58573
255.00000 0.58359
256.00000 0.58145
257.00000 0.57931
258.00000 0.57717
259.00000 0.57504
260.00000 0.57290
261.00000 0.57077
262.00000 0.56864
263.00000 0.56650
264.00000 0.56437
265.00000 0.56224
266.00000 0.56011
267.00000 0.55798
268.00000 0.55585
269.00000 0.55373
270.00000 0.55161
271.00000 0.54948
272.00000 0.54736
273.00000 0.54524
274.00000 0.54312
275.00000 0.54100
276.00000 0.53889
277.00000 0.53678
278.00000 0.53466
279.00000 0.53255
280.00000 0.53044
281.00000 0.52834
282.00000 0.52623
283.00000 0.52413
284.00000 0.52203
285.00000 0.51993
286.00000 0.51783
287.00000 0.51573
288.00000 0.51364
289.00000 0.51155
290.00000 0.50946
291.00000 0.50737
292.00000 0.50529
293.00000 0.50320
294.00000 0.50112
295.00000 0.49904
296.00000 0.49697
297.00000 0.49489
298.00000 0.49282
299.00000 0.49075
300.00000 0.48868
301.00000 0.48662
302.00000 0.48456
303.00000 0.48250
304.00000 0.48044
305.00000 0.47839
306.00000 0.47634
307.00000 0.47429
308.00000 0.47224
309.00000 0.47020
310.00000 0.46816
311.00000 0.46612
312.00000 0.46408
313.00000 0.46205
314.00000 0.46003
315.00000 0.45800
316.00000 0.45597
317.00000 0.45395
318.00000 0.45194
319.00000 0.44992
320.00000 0.44791
321.00000 0.44590
322.00000 0.44390
323.00000 0.44190
324.00000 0.43990
325.00000 0.43790
326.00000 0.43591
327.00000 0.43392
328.00000 0.43193
329.00000 0.42995
330.00000 0.42797
331.00000 0.42600
332.00000 0.42402
333.00000 0.42205
334.00000 0.42009
335.00000 0.41813
336.00000 0.41617
337.00000 0.41421
338.00000 0.41226
339.00000 0.41031
340.00000 0.40837
341.00000 0.40643
342.00000 0.40449
343.00000 0.40256
344.00000 0.40063
345.00000 0.39870
346.00000 0.39678
347.00000 0.39486
348.00000 0.39294
349.00000 0.39103
350.00000 0.38912
351.00000 0.38722
352.00000 0.38532
353.00000 0.38343
354.00000 0.38153
355.00000 0.37964
356.00000 0.37776
357.00000 0.37588
358.00000 0.37400
359.00000 0.37213
360.00000 0.37026
361.00000 0.36840
362.00000 0.36654
363.00000 0.36468
364.00000 0.36283
365.00000 0.36098
366.00000 0.35914
367.00000 0.35730
368.00000 0.35546
369.00000 0.35363
370.00000 0.35180
371.00000 0.34998
372.00000 0.34816
373.00000 0.34634
374.00000 0.34453
375.00000 0.34272
376.00000 0.34092
377.00000 0.33913
378.00000 0.33733
379.00000 0.33554
380.00000 0.33376
381.00000 0.33198
382.00000 0.33020
383.00000 0.32843
384.00000 0.32666
385.00000 0.32490
386.00000 0.32314
387.00000 0.32138
388.00000 0.31964
389.00000 0.31789
390.00000 0.31615
391.00000 0.31441
392.00000 0.31268
393.00000 0.31095
394.00000 0.30923
395.00000 0.30751
396.00000 0.30580
397.00000 0.30409
398.00000 0.30238
399.00000 0.30068
400.00000 0.29899
401.00000 0.29730
402.00000 0.29562
403.00000 0.29393
404.00000 0.29225
405.00000 0.29058
406.00000 0.28891
407.00000 0.28725
408.00000 0.28560
409.00000 0.28394
410.00000 0.28229
411.00000 0.28065
412.00000 0.27901
413.00000 0.27737
414.00000 0.27575
415.00000 0.27412
416.00000 0.27250
417.00000 0.27088
418.00000 0.26927
419.00000 0.26767
420.00000 0.26607
421.00000 0.26447
422.00000 0.26288
423.00000 0.26129
424.00000 0.25970
425.00000 0.25813
426.00000 0.25656
427.00000 0.25499
428.00000 0.25343
429.00000 0.25187
430.00000 0.25031
431.00000 0.24877
432.00000 0.24722
433.00000 0.24569
434.00000 0.24415
435.00000 0.24262
436.00000 0.24110
437.00000 0.23958
438.00000 0.23807
439.00000 0.23656
440.00000 0.23505
441.00000 0.23356
442.00000 0.23206
443.00000 0.23057
444.00000 0.22908
445.00000 0.22761
446.00000 0.22613
447.00000 0.22466
448.00000 0.22320
449.00000 0.22174
450.00000 0.22028
451.00000 0.21883
452.00000 0.21739
453.00000 0.21595
454.00000 0.21452
455.00000 0.21309
456.00000 0.21166
457.00000 0.21024
458.00000 0.20883
459.00000 0.20742
460.00000 0.20601
461.00000 0.20461
462.00000 0.20322
463.00000 0.20183
464.00000 0.20044
465.00000 0.19906
466.00000 0.19769
467.00000 0.19632
468.00000 0.19496
469.00000 0.19359
470.00000 0.19224
471.00000 0.19089
472.00000 0.18955
473.00000 0.18821
474.00000 0.18687
475.00000 0.18554
476.00000 0.18422
477.00000 0.18290
478.00000 0.18158
479.00000 0.18028
480.00000 0.17897
481.00000 0.17768
482.00000 0.17638
483.00000 0.17509
484.00000 0.17381
485.00000 0.17253
486.00000 0.17125
487.00000 0.16999
488.00000 0.16872
489.00000 0.16746
490.00000 0.16621
491.00000 0.16496
492.00000 0.16372
493.00000 0.16248
494.00000 0.16125
495.00000 0.16002
496.00000 0.15880
497.00000 0.15758
498.00000 0.15636
499.00000 0.15515
500.00000 0.15395
501.00000 0.15275
502.00000 0.15156
503.00000 0.15037
504.00000 0.14919
505.00000 0.14801
506.00000 0.14684
507.00000 0.14567
508.00000 0.14451
509.00000 0.14335
510.00000 0.14220
511.00000 0.14105
512.00000 0.13991
513.00000 0.13877
514.00000 0.13764
515.00000 0.13651
516.00000 0.13539
517.00000 0.13427
518.00000 0.13316
519.00000 0.13205
520.00000 0.13095
521.00000 0.12985
522.00000 0.12876
523.00000 0.12767
524.00000 0.12659
525.00000 0.12551
526.00000 0.12444
527.00000 0.12337
528.00000 0.12231
529.00000 0.12125
530.00000 0.12020
531.00000 0.11915
532.00000 0.11811
533.00000 0.11708
534.00000 0.11605
535.00000 0.11502
536.00000 0.11399
537.00000 0.11297
538.00000 0.11196
539.00000 0.11096
540.00000 0.10996
541.00000 0.10896
542.00000 0.10797
543.00000 0.10698
544.00000 0.10599
545.00000 0.10502
546.00000 0.10404
547.00000 0.10308
548.00000 0.10211
549.00000 0.10116
550.00000 0.10021
551.00000 0.09926
552.00000 0.09831
553.00000 0.09737
554.00000 0.09644
555.00000 0.09551
556.00000 0.09459
557.00000 0.09367
558.00000 0.09276
559.00000 0.09185
560.00000 0.09095
561.00000 0.09005
562.00000 0.08915
563.00000 0.08826
564.00000 0.08738
565.00000 0.08650
566.00000 0.08563
567.00000 0.08476
568.00000 0.08389
569.00000 0.08303
570.00000 0.08217
571.00000 0.08132
572.00000 0.08048
573.00000 0.07964
574.00000 0.07881
575.00000 0.07798
576.00000 0.07715
577.00000 0.07633
578.00000 0.07551
579.00000 0.07470
580.00000 0.07389
581.00000 0.07309
582.00000 0.07229
583.00000 0.07150
584.00000 0.07071
585.00000 0.06993
586.00000 0.06915
587.00000 0.06838
588.00000 0.06761
589.00000 0.06684
590.00000 0.06608
591.00000 0.06533
592.00000 0.06458
593.00000 0.06384
594.00000 0.06310
595.00000 0.06236
596.00000 0.06163
597.00000 0.06090
598.00000 0.06018
599.00000 0.05946
600.00000 0.05875
601.00000 0.05804
602.00000 0.05734
603.00000 0.05664
604.00000 0.05595
605.00000 0.05526
606.00000 0.05457
607.00000 0.05389
608.00000 0.05322
609.00000 0.05255
610.00000 0.05188
611.00000 0.05122
612.00000 0.05057
613.00000 0.04992
614.00000 0.04927
615.00000 0.04862
616.00000 0.04798
617.00000 0.04735
618.00000 0.04672
619.00000 0.04609
620.00000 0.04547
621.00000 0.04486
622.00000 0.04425
623.00000 0.04364
624.00000 0.04304
625.00000 0.04244
626.00000 0.04184
627.00000 0.04125
628.00000 0.04067
629.00000 0.04009
630.00000 0.03952
631.00000 0.03895
632.00000 0.03838
633.00000 0.03782
634.00000 0.03726
635.00000 0.03671
636.00000 0.03616
637.00000 0.03561
638.00000 0.03507
639.00000 0.03453
640.00000 0.03400
641.00000 0.03348
642.00000 0.03296
643.00000 0.03244
644.00000 0.03193
645.00000 0.03142
646.00000 0.03091
647.00000 0.03041
648.00000 0.02991
649.00000 0.02941
650.00000 0.02892
651.00000 0.02844
652.00000 0.02796
653.00000 0.02749
654.00000 0.02702
655.00000 0.02656
656.00000 0.02610
657.00000 0.02564
658.00000 0.02518
659.00000 0.02473
660.00000 0.02428
661.00000 0.02383
662.00000 0.02340
663.00000 0.02296
664.00000 0.02254
665.00000 0.02212
666.00000 0.02170
667.00000 0.02128
668.00000 0.02087
669.00000 0.02046
670.00000 0.02006
671.00000 0.01965
672.00000 0.01925
673.00000 0.01886
674.00000 0.01847
675.00000 0.01809
676.00000 0.01771
677.00000 0.01733
678.00000 0.01697
679.00000 0.01660
680.00000 0.01624
681.00000 0.01588
682.00000 0.01553
683.00000 0.01517
684.00000 0.01482
685.00000 0.01448
686.00000 0.01413
687.00000 0.01379
688.00000 0.01346
689.00000 0.01313
690.00000 0.01281
691.00000 0.01250
692.00000 0.01218
693.00000 0.01188
694.00000 0.01157
695.00000 0.01127
696.00000 0.01097
697.00000 0.01067
698.00000 0.01038
699.00000 0.01008
700.00000 0.00980
701.00000 0.00951
702.00000 0.00923
703.00000 0.00895
704.00000 0.00869
705.00000 0.00842
706.00000 0.00816
707.00000 0.00791
708.00000 0.00766
709.00000 0.00742
710.00000 0.00718
711.00000 0.00694
712.00000 0.00670
713.00000 0.00646
714.00000 0.00623
715.00000 0.00600
716.00000 0.00577
717.00000 0.00554
718.00000 0.00532
719.00000 0.00510
720.00000 0.00489
721.00000 0.00469
722.00000 0.00449
723.00000 0.00429
724.00000 0.00410
725.00000 0.00392
726.00000 0.00374
727.00000 0.00357
728.00000 0.00340
729.00000 0.00323
730.00000 0.00307
731.00000 0.00291
732.00000 0.00275
733.00000 0.00259
734.00000 0.00243
735.00000 0.00227
736.00000 0.00212
737.00000 0.00196
738.00000 0.00181
739.00000 0.00167
740.00000 0.00153
741.00000 0.00139
742.00000 0.00126
743.00000 0.00114
744.00000 0.00102
745.00000 0.00091
746.00000 0.00081
747.00000 0.00071
748.00000 0.00063
749.00000 0.00055
750.00000 0.00048
751.00000 0.00041
752.00000 0.00036
753.00000 0.00030
754.00000 0.00026
755.00000 0.00022
756.00000 0.00019
757.00000 0.00016
758.00000 0.00013
759.00000 0.00011
760.00000 0.00009
761.00000 0.00008
762.00000 0.00006
763.00000 0.00005
764.00000 0.00005
765.00000 0.00004
766.00000 0.00003
767.00000 0.00003
768.00000 0.00002
769.00000 0.00002
770.00000 0.00002
771.00000 0.00002
772.00000 0.00001
773.00000 0.00001
774.00000 0.00001
775.00000 0.00001
776.00000 0.00001
777.00000 0.00001
778.00000 0.00001
779.00000 0.00001
780.00000 0.00001
781.00000 0.00001
782.00000 0.00001
783.00000 0.00001
784.00000 0.00001
785.00000 0.00001
786.00000 0.00001
787.00000 0.00001
788.00000 0.00001
789.00000 0.00001
790.00000 0.00001
791.00000 0.00001
792.00000 0.00001
793.00000 0.00001
794.00000 0.00001
795.00000 0.00001
796.00000 0.00001
797.00000 0.00001
798.00000 0.00001
799.00000 0.00001
800.00000 0.00001
801.00000 0.00001
802.00000 0.00001
803.00000 0.00001
804.00000 0.00001
805.00000 0.00001
806.00000 0.00001
807.00000 0.00001
808.00000 0.00001
809.00000 0.00001
810.00000 0.00001
811.00000 0.00001
812.00000 0.00001
813.00000 0.00001
814.00000 0.00001
815.00000 0.00001
816.00000 0.00001
817.00000 0.00001
818.00000 0.00001
819.00000 0.00001
820.00000 0.00001
821.00000 0.00001
822.00000 0.00001
823.00000 0.00001
824.00000 0.00001
825.00000 0.00001
826.00000 0.00001
827.00000 0.00001
828.00000 0.00001
829.00000 0.00001
830.00000 0.00001
831.00000 0.00001
832.00000 0.00001
833.00000 0.00001
834.00000 0.00001
835.00000 0.00001
836.00000 0.00001
837.00000 0.00001
838.00000 0.00001
839.00000 0.00001
840.00000 0.00001
841.00000 0.00001
842.00000 0.00001
843.00000 0.00001
844.00000 0.00001
845.00000 0.00001
846.00000 0.00001
847.00000 0.00001
848.00000 0.00001
849.00000 0.00001
850.00000 0.00001
851.00000 0.00001
852.00000 0.00001
853.00000 0.00001
854.00000 0.00001
855.00000 0.00001
856.00000 0.00001
857.00000 0.00001
858.00000 0.00001
859.00000 0.00001
860.00000 0.00001
861.00000 0.00001
862.00000 0.00001
863.00000 0.00001
864.00000 0.00001
865.00000 0.00001
866.00000 0.00001
867.00000 0.00001
868.00000 0.00001
869.00000 0.00001
870.00000 0.00001
871.00000 0.00001
872.00000 0.00001
873.00000 0.00001
874.00000 0.00001
875.00000 0.00001
876.00000 0.00001
877.00000 0.00001
878.00000 0.00001
879.00000 0.00001
880.00000 0.00001
881.00000 0.00001
882.00000 0.00001
883.00000 0.00001
884.00000 0.00001
885.00000 0.00001
886.00000 0.00001
887.00000 0.00001
888.00000 0.00001
889.00000 0.00001
890.00000 0.00001
891.00000 0.00001
892.00000 0.00001
893.00000 0.00001
894.00000 0.00001
895.00000 0.00001
896.00000 0.00001
897.00000 0.00001
898.00000 0.00001
899.00000 0.00001
900.00000 0.00001
901.00000 0.00001
902.00000 0.00001
903.00000 0.00001
904.00000 0.00001
905.00000 0.00001
906.00000 0.00001
907.00000 0.00001
908.00000 0.00001
909.00000 0.00001
910.00000 0.00001
911.00000 0.00001
912.00000 0.00001
913.00000 0.00001
914.00000 0.00001
915.00000 0.00001
916.00000 0.00001
917.00000 0.00001
918.00000 0.00001
919.00000 0.00001
920.00000 0.00001
921.00000 0.00001
922.00000 0.00001
923.00000 0.00001
924.00000 0.00001
925.00000 0.00001
926.00000 0.00001
927.00000 0.00001
928.00000 0.00001
929.00000 0.00001
930.00000 0.00001
931.00000 0.00001
932.00000 0.00001
933.00000 0.00001
934.00000 0.00001
935.00000 0.00001
936.00000 0.00001
937.00000 0.00001
938.00000 0.00001
939.00000 0.00001
940.00000 0.00001
941.00000 0.00001
942.00000 0.00001
943.00000 0.00001
944.00000 0.00001
945.00000 0.00001
946.00000 0.00001
947.00000 0.00001
948.00000 0.00001
949.00000 0.00001
950.00000 0.00001
951.00000 0.00001
952.00000 0.00001
953.00000 0.00001
954.00000 0.00001
955.00000 0.00001
956.00000 0.00001
957.00000 0.00001
958.00000 0.00001
959.00000 0.00001
960.00000 0.00001
961.00000 0.00001
962.00000 0.00001
963.00000 0.00001
964.00000 0.00001
965.00000 0.00001
966.00000 0.00001
967.00000 0.00001
968.00000 0.00001
969.00000 0.00001
970.00000 0.00001
971.00000 0.00001
972.00000 0.00001
973.00000 0.00001
974.00000 0.00001
975.00000 0.00001
976.00000 0.00001
977.00000 0.00001
978.00000 0.00001
979.00000 0.00001
980.00000 0.00001
981.00000 0.00001
982.00000 0.00001
983.00000 0.00001
984.00000 0.00001
985.00000 0.00001
986.00000 0.00001
987.00000 0.00001
988.00000 0.00001
989.00000 0.00001
990.00000 0.00001
991.00000 0.00001
992.00000 0.00001
993.00000 0.00001
994.00000 0.00001
995.00000 0.00001
996.00000 0.00001
997.00000 0.00001
998.00000 0.00001
999.00000 0.00001
1000.00000 0.00001