# mr3c s15 pa2 f150 nohwp night jitter deep56 181030
# jitter = 35.00 +- 3.76 arcsec^2
# solid angle = 193.39 nsr
0.000000  1.00000e+00  0.00000e+00
0.000278  9.99586e-01  1.11906e-06
0.000556  9.98344e-01  4.47163e-06
0.000833  9.96276e-01  1.00440e-05
0.001111  9.93389e-01  1.78132e-05
0.001389  9.89687e-01  2.77475e-05
0.001667  9.85179e-01  3.98063e-05
0.001944  9.79875e-01  5.39402e-05
0.002222  9.73787e-01  7.00916e-05
0.002500  9.66927e-01  8.81946e-05
0.002778  9.59311e-01  1.08176e-04
0.003056  9.50956e-01  1.29954e-04
0.003333  9.41878e-01  1.53442e-04
0.003611  9.32098e-01  1.78544e-04
0.003889  9.21638e-01  2.05160e-04
0.004167  9.10518e-01  2.33183e-04
0.004444  8.98763e-01  2.62501e-04
0.004722  8.86397e-01  2.93000e-04
0.005000  8.73447e-01  3.24557e-04
0.005278  8.59939e-01  3.57049e-04
0.005556  8.45902e-01  3.90350e-04
0.005833  8.31364e-01  4.24330e-04
0.006111  8.16355e-01  4.58858e-04
0.006389  8.00905e-01  4.93801e-04
0.006667  7.85046e-01  5.29028e-04
0.006944  7.68808e-01  5.64405e-04
0.007222  7.52224e-01  5.99800e-04
0.007500  7.35326e-01  6.35081e-04
0.007778  7.18146e-01  6.70120e-04
0.008056  7.00717e-01  7.04789e-04
0.008333  6.83072e-01  7.38963e-04
0.008611  6.65243e-01  7.72521e-04
0.008889  6.47263e-01  8.05346e-04
0.009167  6.29165e-01  8.37325e-04
0.009444  6.10979e-01  8.68348e-04
0.009722  5.92738e-01  8.98312e-04
0.010000  5.74473e-01  9.27118e-04
0.010278  5.56215e-01  9.54675e-04
0.010556  5.37993e-01  9.80895e-04
0.010833  5.19836e-01  1.00570e-03
0.011111  5.01774e-01  1.02901e-03
0.011389  4.83833e-01  1.05077e-03
0.011667  4.66041e-01  1.07090e-03
0.011944  4.48423e-01  1.08937e-03
0.012222  4.31003e-01  1.10612e-03
0.012500  4.13807e-01  1.12111e-03
0.012778  3.96855e-01  1.13432e-03
0.013056  3.80169e-01  1.14572e-03
0.013333  3.63770e-01  1.15528e-03
0.013611  3.47677e-01  1.16301e-03
0.013889  3.31907e-01  1.16890e-03
0.014167  3.16477e-01  1.17294e-03
0.014444  3.01401e-01  1.17516e-03
0.014722  2.86694e-01  1.17557e-03
0.015000  2.72369e-01  1.17419e-03
0.015278  2.58436e-01  1.17105e-03
0.015556  2.44905e-01  1.16619e-03
0.015833  2.31785e-01  1.15964e-03
0.016111  2.19083e-01  1.15146e-03
0.016389  2.06806e-01  1.14169e-03
0.016667  1.94958e-01  1.13039e-03
0.016944  1.83542e-01  1.11761e-03
0.017222  1.72562e-01  1.10343e-03
0.017500  1.62017e-01  1.08791e-03
0.017778  1.51908e-01  1.07112e-03
0.018056  1.42234e-01  1.05313e-03
0.018333  1.32993e-01  1.03402e-03
0.018611  1.24181e-01  1.01387e-03
0.018889  1.15794e-01  9.92764e-04
0.019167  1.07827e-01  9.70774e-04
0.019444  1.00274e-01  9.47988e-04
0.019722  9.31279e-02  9.24491e-04
0.020000  8.63810e-02  9.00367e-04
0.020278  8.00248e-02  8.75701e-04
0.020556  7.40503e-02  8.50579e-04
0.020833  6.84476e-02  8.25087e-04
0.021111  6.32065e-02  7.99307e-04
0.021389  5.83160e-02  7.73326e-04
0.021667  5.37649e-02  7.47224e-04
0.021944  4.95415e-02  7.21085e-04
0.022222  4.56336e-02  6.94989e-04
0.022500  4.20290e-02  6.69013e-04
0.022778  3.87150e-02  6.43236e-04
0.023056  3.56788e-02  6.17733e-04
0.023333  3.29076e-02  5.92575e-04
0.023611  3.03883e-02  5.67833e-04
0.023889  2.81079e-02  5.43576e-04
0.024167  2.60534e-02  5.19868e-04
0.024444  2.42118e-02  4.96771e-04
0.024722  2.25702e-02  4.74345e-04
0.025000  2.11159e-02  4.52644e-04
0.025278  1.98364e-02  4.31720e-04
0.025556  1.87193e-02  4.11621e-04
0.025833  1.77525e-02  3.92388e-04
0.026111  1.69244e-02  3.74060e-04
0.026389  1.62233e-02  3.56668e-04
0.026667  1.56382e-02  3.40236e-04
0.026944  1.51583e-02  3.24785e-04
0.027222  1.47732e-02  3.10323e-04
0.027500  1.44730e-02  2.96854e-04
0.027778  1.42480e-02  2.84370e-04
0.028056  1.40892e-02  2.72855e-04
0.028333  1.39879e-02  2.62284e-04
0.028611  1.39358e-02  2.52622e-04
0.028889  1.39253e-02  2.43825e-04
0.029167  1.39491e-02  2.35842e-04
0.029444  1.40003e-02  2.28613e-04
0.029722  1.40727e-02  2.22074e-04
0.030000  1.41603e-02  2.16159e-04
0.030278  1.42578e-02  2.10797e-04
0.030556  1.43601e-02  2.05919e-04
0.030833  1.44629e-02  2.01457e-04
0.031111  1.45621e-02  1.97347e-04
0.031389  1.46541e-02  1.93529e-04
0.031667  1.47356e-02  1.89949e-04
0.031944  1.48039e-02  1.86557e-04
0.032222  1.48565e-02  1.83312e-04
0.032500  1.48915e-02  1.80179e-04
0.032778  1.49072e-02  1.77130e-04
0.033056  1.49022e-02  1.74141e-04
0.033333  1.48755e-02  1.71196e-04
0.033611  1.48265e-02  1.68284e-04
0.033889  1.47547e-02  1.65398e-04
0.034167  1.46599e-02  1.62536e-04
0.034444  1.45423e-02  1.59698e-04
0.034722  1.44021e-02  1.56890e-04
0.035000  1.42399e-02  1.54118e-04
0.035278  1.40564e-02  1.51389e-04
0.035556  1.38524e-02  1.48714e-04
0.035833  1.36290e-02  1.46101e-04
0.036111  1.33872e-02  1.43560e-04
0.036389  1.31284e-02  1.41102e-04
0.036667  1.28539e-02  1.38734e-04
0.036944  1.25651e-02  1.36463e-04
0.037222  1.22635e-02  1.34298e-04
0.037500  1.19506e-02  1.32240e-04
0.037778  1.16280e-02  1.30294e-04
0.038056  1.12971e-02  1.28461e-04
0.038333  1.09596e-02  1.26740e-04
0.038611  1.06171e-02  1.25128e-04
0.038889  1.02709e-02  1.23623e-04
0.039167  9.92272e-03  1.22219e-04
0.039444  9.57389e-03  1.20911e-04
0.039722  9.22582e-03  1.19693e-04
0.040000  8.87985e-03  1.18558e-04
0.040278  8.53725e-03  1.17499e-04
0.040556  8.19921e-03  1.16510e-04
0.040833  7.86684e-03  1.15584e-04
0.041111  7.54119e-03  1.14715e-04
0.041389  7.22319e-03  1.13899e-04
0.041667  6.91372e-03  1.13132e-04
0.041944  6.61354e-03  1.12408e-04
0.042222  6.32334e-03  1.11727e-04
0.042500  6.04370e-03  1.11085e-04
0.042778  5.77515e-03  1.10482e-04
0.043056  5.51808e-03  1.09916e-04
0.043333  5.27284e-03  1.09387e-04
0.043611  5.03966e-03  1.08896e-04
0.043889  4.81872e-03  1.08442e-04
0.044167  4.61008e-03  1.08026e-04
0.044444  4.41378e-03  1.07647e-04
0.044722  4.22974e-03  1.07305e-04
0.045000  4.05785e-03  1.07000e-04
0.045278  3.89791e-03  1.06731e-04
0.045556  3.74968e-03  1.06496e-04
0.045833  3.61287e-03  1.06293e-04
0.046111  3.48713e-03  1.06119e-04
0.046389  3.37208e-03  1.05972e-04
0.046667  3.26728e-03  1.05849e-04
0.046944  3.17230e-03  1.05744e-04
0.047222  3.08663e-03  1.05655e-04
0.047500  3.00979e-03  1.05576e-04
0.047778  2.94124e-03  1.05503e-04
0.048056  2.88046e-03  1.05432e-04
0.048333  2.82689e-03  1.05358e-04
0.048611  2.77999e-03  1.05277e-04
0.048889  2.73921e-03  1.05185e-04
0.049167  2.70400e-03  1.05079e-04
0.049444  2.67383e-03  1.04956e-04
0.049722  2.64818e-03  1.04813e-04
0.050000  2.62651e-03  1.04647e-04
0.050278  2.60834e-03  1.04458e-04
0.050556  2.59319e-03  1.04244e-04
0.050833  2.58060e-03  1.04004e-04
0.051111  2.57012e-03  1.03738e-04
0.051389  2.56135e-03  1.03446e-04
0.051667  2.55390e-03  1.03129e-04
0.051944  2.54740e-03  1.02787e-04
0.052222  2.54152e-03  1.02422e-04
0.052500  2.53595e-03  1.02034e-04
0.052778  2.53042e-03  1.01624e-04
0.053056  2.52466e-03  1.01194e-04
0.053333  2.51846e-03  1.00745e-04
0.053611  2.51162e-03  1.00277e-04
0.053889  2.50396e-03  9.97924e-05
0.054167  2.49534e-03  9.92909e-05
0.054444  2.48564e-03  9.87735e-05
0.054722  2.47476e-03  9.82407e-05
0.055000  2.46262e-03  9.76929e-05
0.055278  2.44918e-03  9.71302e-05
0.055556  2.43439e-03  9.65531e-05
0.055833  2.41825e-03  9.59616e-05
0.056111  2.40076e-03  9.53563e-05
0.056389  2.38193e-03  9.47375e-05
0.056667  2.36180e-03  9.41058e-05
0.056944  2.34042e-03  9.34621e-05
0.057222  2.31783e-03  9.28077e-05
0.057500  2.29411e-03  9.21441e-05
0.057778  2.26933e-03  9.14733e-05
0.058056  2.24357e-03  9.07976e-05
0.058333  2.21693e-03  9.01198e-05
0.058611  2.18948e-03  8.94432e-05
0.058889  2.16133e-03  8.87713e-05
0.059167  2.13257e-03  8.81082e-05
0.059444  2.10330e-03  8.74581e-05
0.059722  2.07362e-03  8.68253e-05
0.060000  2.04361e-03  8.62144e-05
0.060278  2.01338e-03  8.56297e-05
0.060556  1.98302e-03  8.50755e-05
0.060833  1.95262e-03  8.45557e-05
0.061111  1.92225e-03  8.40737e-05
0.061389  1.89199e-03  8.36323e-05
0.061667  1.86193e-03  8.32335e-05
0.061944  1.83213e-03  8.28786e-05
0.062222  1.80266e-03  8.25677e-05
0.062500  1.77357e-03  8.23000e-05
0.062778  1.74491e-03  8.20738e-05
0.063056  1.71674e-03  8.18862e-05
0.063333  1.68909e-03  8.17333e-05
0.063611  1.66199e-03  8.16105e-05
0.063889  1.63548e-03  8.15123e-05
0.064167  1.60959e-03  8.14326e-05
0.064444  1.58432e-03  8.13648e-05
0.064722  1.55970e-03  8.13022e-05
0.065000  1.53573e-03  8.12378e-05
0.065278  1.51242e-03  8.11650e-05
0.065556  1.48977e-03  8.10774e-05
0.065833  1.46777e-03  8.09690e-05
0.066111  1.44642e-03  8.08348e-05
0.066389  1.42570e-03  8.06702e-05
0.066667  1.40562e-03  8.04722e-05
0.066944  1.38614e-03  8.02382e-05
0.067222  1.36726e-03  7.99674e-05
0.067500  1.34895e-03  7.96598e-05
0.067778  1.33121e-03  7.93168e-05
0.068056  1.31399e-03  7.89409e-05
0.068333  1.29730e-03  7.85360e-05
0.068611  1.28110e-03  7.81069e-05
0.068889  1.26537e-03  7.76593e-05
0.069167  1.25009e-03  7.71998e-05
0.069444  1.23525e-03  7.67357e-05
0.069722  1.22081e-03  7.62744e-05
0.070000  1.20677e-03  7.58235e-05
0.070278  1.19311e-03  7.53907e-05
0.070556  1.17980e-03  7.49829e-05
0.070833  1.16683e-03  7.46065e-05
0.071111  1.15419e-03  7.42671e-05
0.071389  1.14187e-03  7.39687e-05
0.071667  1.12985e-03  7.37143e-05
0.071944  1.11812e-03  7.35051e-05
0.072222  1.10668e-03  7.33411e-05
0.072500  1.09551e-03  7.32202e-05
0.072778  1.08462e-03  7.31391e-05
0.073056  1.07399e-03  7.30930e-05
0.073333  1.06363e-03  7.30760e-05
0.073611  1.05353e-03  7.30809e-05
0.073889  1.04369e-03  7.31000e-05
0.074167  1.03410e-03  7.31251e-05
0.074444  1.02477e-03  7.31478e-05
0.074722  1.01570e-03  7.31599e-05
0.075000  1.00688e-03  7.31535e-05
0.075278  9.98325e-04  7.31216e-05
0.075556  9.90022e-04  7.30577e-05
0.075833  9.81975e-04  7.29566e-05
0.076111  9.74183e-04  7.28144e-05
0.076389  9.66644e-04  7.26284e-05
0.076667  9.59357e-04  7.23971e-05
0.076944  9.52319e-04  7.21208e-05
0.077222  9.45524e-04  7.18009e-05
0.077500  9.38969e-04  7.14402e-05
0.077778  9.32646e-04  7.10429e-05
0.078056  9.26549e-04  7.06141e-05
0.078333  9.20668e-04  7.01601e-05
0.078611  9.14994e-04  6.96880e-05
0.078889  9.09514e-04  6.92051e-05
0.079167  9.04217e-04  6.87196e-05
0.079444  8.99088e-04  6.82393e-05
0.079722  8.94113e-04  6.77721e-05
0.080000  8.89275e-04  6.73254e-05
0.080278  8.84558e-04  6.69058e-05
0.080556  8.79942e-04  6.65192e-05
0.080833  8.75410e-04  6.61702e-05
0.081111  8.70942e-04  6.58621e-05
0.081389  8.66519e-04  6.55969e-05
0.081667  8.62120e-04  6.53751e-05
0.081944  8.57726e-04  6.51956e-05
0.082222  8.53317e-04  6.50559e-05
0.082500  8.48872e-04  6.49524e-05
0.082778  8.44374e-04  6.48800e-05
0.083056  8.39803e-04  6.48326e-05
0.083333  8.35142e-04  6.48035e-05
0.083611  8.30376e-04  6.47852e-05
0.083889  8.25489e-04  6.47697e-05
0.084167  8.20467e-04  6.47491e-05
0.084444  8.15298e-04  6.47152e-05
0.084722  8.09972e-04  6.46602e-05
0.085000  8.04481e-04  6.45764e-05
0.085278  7.98817e-04  6.44568e-05
0.085556  7.92977e-04  6.42948e-05
0.085833  7.86956e-04  6.40846e-05
0.086111  7.80756e-04  6.38210e-05
0.086389  7.74377e-04  6.34997e-05
0.086667  7.67824e-04  6.31172e-05
0.086944  7.61100e-04  6.26708e-05
0.087222  7.54215e-04  6.21587e-05
0.087500  7.47178e-04  6.15800e-05
0.087778  7.39998e-04  6.09345e-05
0.088056  7.32691e-04  6.02230e-05
0.088333  7.25268e-04  5.94471e-05
0.088611  7.17746e-04  5.86094e-05
0.088889  7.10142e-04  5.77129e-05
0.089167  7.02473e-04  5.67617e-05
0.089444  6.94758e-04  5.57605e-05
0.089722  6.87014e-04  5.47147e-05
0.090000  6.79261e-04  5.36304e-05
0.090278  6.71519e-04  5.25140e-05
0.090556  6.63807e-04  5.13728e-05
0.090833  6.56143e-04  5.02142e-05
0.091111  6.48545e-04  4.90462e-05
0.091389  6.41032e-04  4.78767e-05
0.091667  6.33620e-04  4.67139e-05
0.091944  6.26325e-04  4.55658e-05
0.092222  6.19160e-04  4.44403e-05
0.092500  6.12141e-04  4.33449e-05
0.092778  6.05277e-04  4.22866e-05
0.093056  5.98579e-04  4.12715e-05
0.093333  5.92057e-04  4.03051e-05
0.093611  5.85716e-04  3.93916e-05
0.093889  5.79563e-04  3.85342e-05
0.094167  5.73601e-04  3.77351e-05
0.094444  5.67831e-04  3.69948e-05
0.094722  5.62254e-04  3.63128e-05
0.095000  5.56870e-04  3.56875e-05
0.095278  5.51674e-04  3.51160e-05
0.095556  5.46663e-04  3.45947e-05
0.095833  5.41831e-04  3.41192e-05
0.096111  5.37172e-04  3.36845e-05
0.096389  5.32678e-04  3.32854e-05
0.096667  5.28340e-04  3.29167e-05
0.096944  5.24149e-04  3.25731e-05
0.097222  5.20094e-04  3.22499e-05
0.097500  5.16166e-04  3.19426e-05
0.097778  5.12354e-04  3.16473e-05
0.098056  5.08645e-04  3.13609e-05
0.098333  5.05030e-04  3.10807e-05
0.098611  5.01498e-04  3.08047e-05
0.098889  4.98038e-04  3.05317e-05
0.099167  4.94640e-04  3.02607e-05
0.099444  4.91294e-04  2.99916e-05
0.099722  4.87991e-04  2.97245e-05
0.100000  4.84723e-04  2.94596e-05
0.100278  4.81483e-04  2.91977e-05
0.100556  4.78263e-04  2.89395e-05
0.100833  4.75059e-04  2.86857e-05
0.101111  4.71864e-04  2.84369e-05
0.101389  4.68675e-04  2.81939e-05
0.101667  4.65489e-04  2.79570e-05
0.101944  4.62303e-04  2.77264e-05
0.102222  4.59117e-04  2.75021e-05
0.102500  4.55930e-04  2.72841e-05
0.102778  4.52741e-04  2.70719e-05
0.103056  4.49552e-04  2.68650e-05
0.103333  4.46365e-04  2.66627e-05
0.103611  4.43182e-04  2.64644e-05
0.103889  4.40004e-04  2.62693e-05
0.104167  4.36836e-04  2.60766e-05
0.104444  4.33680e-04  2.58857e-05
0.104722  4.30539e-04  2.56959e-05
0.105000  4.27418e-04  2.55067e-05
0.105278  4.24319e-04  2.53178e-05
0.105556  4.21247e-04  2.51288e-05
0.105833  4.18204e-04  2.49396e-05
0.106111  4.15193e-04  2.47501e-05
0.106389  4.12218e-04  2.45605e-05
0.106667  4.09281e-04  2.43708e-05
0.106944  4.06384e-04  2.41813e-05
0.107222  4.03529e-04  2.39922e-05
0.107500  4.00717e-04  2.38037e-05
0.107778  3.97949e-04  2.36160e-05
0.108056  3.95225e-04  2.34295e-05
0.108333  3.92545e-04  2.32442e-05
0.108611  3.89909e-04  2.30604e-05
0.108889  3.87317e-04  2.28780e-05
0.109167  3.84765e-04  2.26972e-05
0.109444  3.82254e-04  2.25181e-05
0.109722  3.79781e-04  2.23405e-05
0.110000  3.77343e-04  2.21646e-05
0.110278  3.74939e-04  2.19903e-05
0.110556  3.72566e-04  2.18176e-05
0.110833  3.70221e-04  2.16465e-05
0.111111  3.67901e-04  2.14771e-05
0.111389  3.65605e-04  2.13095e-05
0.111667  3.63328e-04  2.11438e-05
0.111944  3.61069e-04  2.09801e-05
0.112222  3.58825e-04  2.08186e-05
0.112500  3.56594e-04  2.06594e-05
0.112778  3.54374e-04  2.05026e-05
0.113056  3.52164e-04  2.03485e-05
0.113333  3.49961e-04  2.01972e-05
0.113611  3.47764e-04  2.00486e-05
0.113889  3.45574e-04  1.99029e-05
0.114167  3.43389e-04  1.97601e-05
0.114444  3.41208e-04  1.96200e-05
0.114722  3.39033e-04  1.94825e-05
0.115000  3.36863e-04  1.93475e-05
0.115278  3.34700e-04  1.92148e-05
0.115556  3.32543e-04  1.90840e-05
0.115833  3.30394e-04  1.89550e-05
0.116111  3.28254e-04  1.88274e-05
0.116389  3.26125e-04  1.87011e-05
0.116667  3.24008e-04  1.85756e-05
0.116944  3.21905e-04  1.84508e-05
0.117222  3.19817e-04  1.83265e-05
0.117500  3.17745e-04  1.82025e-05
0.117778  3.15692e-04  1.80787e-05
0.118056  3.13659e-04  1.79550e-05
0.118333  3.11646e-04  1.78315e-05
0.118611  3.09656e-04  1.77080e-05
0.118889  3.07690e-04  1.75847e-05
0.119167  3.05747e-04  1.74616e-05
0.119444  3.03829e-04  1.73388e-05
0.119722  3.01936e-04  1.72164e-05
0.120000  3.00068e-04  1.70945e-05
0.120278  2.98226e-04  1.69732e-05
0.120556  2.96408e-04  1.68525e-05
0.120833  2.94615e-04  1.67326e-05
0.121111  2.92846e-04  1.66135e-05
0.121389  2.91099e-04  1.64952e-05
0.121667  2.89375e-04  1.63779e-05
0.121944  2.87671e-04  1.62615e-05
0.122222  2.85986e-04  1.61461e-05
0.122500  2.84319e-04  1.60316e-05
0.122778  2.82668e-04  1.59183e-05
0.123056  2.81033e-04  1.58060e-05
0.123333  2.79411e-04  1.56949e-05
0.123611  2.77800e-04  1.55850e-05
0.123889  2.76200e-04  1.54764e-05
0.124167  2.74610e-04  1.53692e-05
0.124444  2.73027e-04  1.52634e-05
0.124722  2.71451e-04  1.51592e-05
0.125000  2.69880e-04  1.50565e-05
0.125278  2.68315e-04  1.49556e-05
0.125556  2.66754e-04  1.48564e-05
0.125833  2.65196e-04  1.47589e-05
0.126111  2.63643e-04  1.46631e-05
0.126389  2.62092e-04  1.45690e-05
0.126667  2.60545e-04  1.44766e-05
0.126944  2.59002e-04  1.43856e-05
0.127222  2.57463e-04  1.42961e-05
0.127500  2.55929e-04  1.42078e-05
0.127778  2.54400e-04  1.41206e-05
0.128056  2.52877e-04  1.40343e-05
0.128333  2.51361e-04  1.39488e-05
0.128611  2.49853e-04  1.38638e-05
0.128889  2.48354e-04  1.37793e-05
0.129167  2.46865e-04  1.36951e-05
0.129444  2.45387e-04  1.36111e-05
0.129722  2.43921e-04  1.35272e-05
0.130000  2.42468e-04  1.34433e-05
0.130278  2.41028e-04  1.33594e-05
0.130556  2.39603e-04  1.32755e-05
0.130833  2.38192e-04  1.31916e-05
0.131111  2.36798e-04  1.31077e-05
0.131389  2.35419e-04  1.30239e-05
0.131667  2.34057e-04  1.29403e-05
0.131944  2.32711e-04  1.28569e-05
0.132222  2.31381e-04  1.27737e-05
0.132500  2.30068e-04  1.26909e-05
0.132778  2.28770e-04  1.26085e-05
0.133056  2.27488e-04  1.25265e-05
0.133333  2.26220e-04  1.24451e-05
0.133611  2.24967e-04  1.23642e-05
0.133889  2.23727e-04  1.22839e-05
0.134167  2.22499e-04  1.22042e-05
0.134444  2.21283e-04  1.21252e-05
0.134722  2.20078e-04  1.20468e-05
0.135000  2.18882e-04  1.19692e-05
0.135278  2.17694e-04  1.18923e-05
0.135556  2.16514e-04  1.18163e-05
0.135833  2.15341e-04  1.17411e-05
0.136111  2.14173e-04  1.16669e-05
0.136389  2.13011e-04  1.15936e-05
0.136667  2.11852e-04  1.15214e-05
0.136944  2.10697e-04  1.14502e-05
0.137222  2.09544e-04  1.13802e-05
0.137500  2.08395e-04  1.13113e-05
0.137778  2.07247e-04  1.12436e-05
0.138056  2.06102e-04  1.11770e-05
0.138333  2.04958e-04  1.11116e-05
0.138611  2.03816e-04  1.10473e-05
0.138889  2.02677e-04  1.09840e-05
0.139167  2.01540e-04  1.09217e-05
0.139444  2.00406e-04  1.08602e-05
0.139722  1.99276e-04  1.07994e-05
0.140000  1.98150e-04  1.07393e-05
0.140278  1.97028e-04  1.06797e-05
0.140556  1.95911e-04  1.06205e-05
0.140833  1.94801e-04  1.05615e-05
0.141111  1.93697e-04  1.05027e-05
0.141389  1.92601e-04  1.04439e-05
0.141667  1.91513e-04  1.03852e-05
0.141944  1.90434e-04  1.03264e-05
0.142222  1.89364e-04  1.02675e-05
0.142500  1.88305e-04  1.02086e-05
0.142778  1.87255e-04  1.01495e-05
0.143056  1.86217e-04  1.00904e-05
0.143333  1.85190e-04  1.00312e-05
0.143611  1.84174e-04  9.97208e-06
0.143889  1.83170e-04  9.91298e-06
0.144167  1.82177e-04  9.85399e-06
0.144444  1.81195e-04  9.79517e-06
0.144722  1.80225e-04  9.73656e-06
0.145000  1.79265e-04  9.67821e-06
0.145278  1.78315e-04  9.62017e-06
0.145556  1.77376e-04  9.56247e-06
0.145833  1.76445e-04  9.50515e-06
0.146111  1.75524e-04  9.44825e-06
0.146389  1.74610e-04  9.39179e-06
0.146667  1.73703e-04  9.33579e-06
0.146944  1.72803e-04  9.28030e-06
0.147222  1.71909e-04  9.22535e-06
0.147500  1.71019e-04  9.17096e-06
0.147778  1.70134e-04  9.11718e-06
0.148056  1.69253e-04  9.06404e-06
0.148333  1.68375e-04  9.01159e-06
0.148611  1.67499e-04  8.95987e-06
0.148889  1.66626e-04  8.90892e-06
0.149167  1.65754e-04  8.85876e-06
0.149444  1.64883e-04  8.80942e-06
0.149722  1.64014e-04  8.76092e-06
0.150000  1.63146e-04  8.71325e-06
0.150278  1.62279e-04  8.66641e-06
0.150556  1.61412e-04  8.62035e-06
0.150833  1.60548e-04  8.57505e-06
0.151111  1.59684e-04  8.53043e-06
0.151389  1.58823e-04  8.48643e-06
0.151667  1.57963e-04  8.44297e-06
0.151944  1.57107e-04  8.39994e-06
0.152222  1.56253e-04  8.35727e-06
0.152500  1.55403e-04  8.31484e-06
0.152778  1.54558e-04  8.27259e-06
0.153056  1.53717e-04  8.23041e-06
0.153333  1.52882e-04  8.18823e-06
0.153611  1.52052e-04  8.14601e-06
0.153889  1.51229e-04  8.10368e-06
0.154167  1.50413e-04  8.06122e-06
0.154444  1.49604e-04  8.01862e-06
0.154722  1.48803e-04  7.97588e-06
0.155000  1.48009e-04  7.93300e-06
0.155278  1.47224e-04  7.89003e-06
0.155556  1.46448e-04  7.84698e-06
0.155833  1.45680e-04  7.80390e-06
0.156111  1.44920e-04  7.76084e-06
0.156389  1.44169e-04  7.71784e-06
0.156667  1.43426e-04  7.67495e-06
0.156944  1.42690e-04  7.63221e-06
0.157222  1.41963e-04  7.58965e-06
0.157500  1.41242e-04  7.54732e-06
0.157778  1.40529e-04  7.50524e-06
0.158056  1.39821e-04  7.46345e-06
0.158333  1.39120e-04  7.42196e-06
0.158611  1.38424e-04  7.38081e-06
0.158889  1.37732e-04  7.34002e-06
0.159167  1.37044e-04  7.29962e-06
0.159444  1.36360e-04  7.25962e-06
0.159722  1.35679e-04  7.22007e-06
0.160000  1.35000e-04  7.18098e-06
0.160278  1.34324e-04  7.14240e-06
0.160556  1.33649e-04  7.10436e-06
0.160833  1.32975e-04  7.06688e-06
0.161111  1.32302e-04  7.02999e-06
0.161389  1.31630e-04  6.99371e-06
0.161667  1.30958e-04  6.95806e-06
0.161944  1.30287e-04  6.92304e-06
0.162222  1.29616e-04  6.88864e-06
0.162500  1.28946e-04  6.85484e-06
0.162778  1.28277e-04  6.82161e-06
0.163056  1.27608e-04  6.78891e-06
0.163333  1.26941e-04  6.75667e-06
0.163611  1.26275e-04  6.72484e-06
0.163889  1.25610e-04  6.69333e-06
0.164167  1.24948e-04  6.66208e-06
0.164444  1.24289e-04  6.63101e-06
0.164722  1.23632e-04  6.60004e-06
0.165000  1.22980e-04  6.56910e-06
0.165278  1.22331e-04  6.53813e-06
0.165556  1.21686e-04  6.50707e-06
0.165833  1.21047e-04  6.47589e-06
0.166111  1.20412e-04  6.44455e-06
0.166389  1.19784e-04  6.41305e-06
0.166667  1.19161e-04  6.38137e-06
0.166944  1.18544e-04  6.34954e-06
0.167222  1.17934e-04  6.31756e-06
0.167500  1.17330e-04  6.28547e-06
0.167778  1.16732e-04  6.25331e-06
0.168056  1.16142e-04  6.22110e-06
0.168333  1.15557e-04  6.18890e-06
0.168611  1.14979e-04  6.15674e-06
0.168889  1.14407e-04  6.12465e-06
0.169167  1.13840e-04  6.09269e-06
0.169444  1.13280e-04  6.06087e-06
0.169722  1.12724e-04  6.02923e-06
0.170000  1.12173e-04  5.99779e-06
0.170278  1.11627e-04  5.96657e-06
0.170556  1.11084e-04  5.93560e-06
0.170833  1.10545e-04  5.90489e-06
0.171111  1.10009e-04  5.87447e-06
0.171389  1.09476e-04  5.84436e-06
0.171667  1.08944e-04  5.81458e-06
0.171944  1.08415e-04  5.78516e-06
0.172222  1.07886e-04  5.75612e-06
0.172500  1.07359e-04  5.72748e-06
0.172778  1.06832e-04  5.69927e-06
0.173056  1.06306e-04  5.67152e-06
0.173333  1.05780e-04  5.64425e-06
0.173611  1.05255e-04  5.61745e-06
0.173889  1.04729e-04  5.59115e-06
0.174167  1.04204e-04  5.56534e-06
0.174444  1.03678e-04  5.54000e-06
0.174722  1.03153e-04  5.51511e-06
0.175000  1.02629e-04  5.49063e-06
0.175278  1.02105e-04  5.46652e-06
0.175556  1.01582e-04  5.44274e-06
0.175833  1.01060e-04  5.41921e-06
0.176111  1.00539e-04  5.39588e-06
0.176389  1.00021e-04  5.37267e-06
0.176667  9.95052e-05  5.34953e-06
0.176944  9.89919e-05  5.32640e-06
0.177222  9.84816e-05  5.30321e-06
0.177500  9.79748e-05  5.27992e-06
0.177778  9.74717e-05  5.25650e-06
0.178056  9.69728e-05  5.23291e-06
0.178333  9.64782e-05  5.20914e-06
0.178611  9.59883e-05  5.18520e-06
0.178889  9.55033e-05  5.16107e-06
0.179167  9.50232e-05  5.13679e-06
0.179444  9.45483e-05  5.11237e-06
0.179722  9.40786e-05  5.08785e-06
0.180000  9.36140e-05  5.06326e-06
0.180278  9.31545e-05  5.03863e-06
0.180556  9.27001e-05  5.01400e-06
0.180833  9.22504e-05  4.98941e-06
0.181111  9.18054e-05  4.96489e-06
0.181389  9.13648e-05  4.94047e-06
0.181667  9.09282e-05  4.91617e-06
0.181944  9.04953e-05  4.89202e-06
0.182222  9.00659e-05  4.86804e-06
0.182500  8.96395e-05  4.84425e-06
0.182778  8.92158e-05  4.82066e-06
0.183056  8.87943e-05  4.79729e-06
0.183333  8.83747e-05  4.77415e-06
0.183611  8.79567e-05  4.75127e-06
0.183889  8.75398e-05  4.72867e-06
0.184167  8.71239e-05  4.70636e-06
0.184444  8.67086e-05  4.68438e-06
0.184722  8.62936e-05  4.66273e-06
0.185000  8.58788e-05  4.64143e-06
0.185278  8.54640e-05  4.62052e-06
0.185556  8.50491e-05  4.59999e-06
0.185833  8.46342e-05  4.57985e-06
0.186111  8.42190e-05  4.56011e-06
0.186389  8.38038e-05  4.54076e-06
0.186667  8.33886e-05  4.52177e-06
0.186944  8.29736e-05  4.50312e-06
0.187222  8.25590e-05  4.48477e-06
0.187500  8.21449e-05  4.46668e-06
0.187778  8.17316e-05  4.44881e-06
0.188056  8.13195e-05  4.43109e-06
0.188333  8.09088e-05  4.41347e-06
0.188611  8.04999e-05  4.39590e-06
0.188889  8.00931e-05  4.37831e-06
0.189167  7.96886e-05  4.36066e-06
0.189444  7.92869e-05  4.34291e-06
0.189722  7.88881e-05  4.32502e-06
0.190000  7.84927e-05  4.30697e-06
0.190278  7.81008e-05  4.28873e-06
0.190556  7.77126e-05  4.27031e-06
0.190833  7.73284e-05  4.25171e-06
0.191111  7.69482e-05  4.23294e-06
0.191389  7.65722e-05  4.21403e-06
0.191667  7.62004e-05  4.19499e-06
0.191944  7.58328e-05  4.17587e-06
0.192222  7.54694e-05  4.15669e-06
0.192500  7.51100e-05  4.13748e-06
0.192778  7.47546e-05  4.11829e-06
0.193056  7.44029e-05  4.09913e-06
0.193333  7.40548e-05  4.08004e-06
0.193611  7.37099e-05  4.06104e-06
0.193889  7.33680e-05  4.04215e-06
0.194167  7.30289e-05  4.02339e-06
0.194444  7.26921e-05  4.00477e-06
0.194722  7.23575e-05  3.98632e-06
0.195000  7.20246e-05  3.96804e-06
0.195278  7.16931e-05  3.94995e-06
0.195556  7.13627e-05  3.93206e-06
0.195833  7.10333e-05  3.91439e-06
0.196111  7.07043e-05  3.89695e-06
0.196389  7.03758e-05  3.87977e-06
0.196667  7.00473e-05  3.86286e-06
0.196944  6.97188e-05  3.84624e-06
0.197222  6.93902e-05  3.82992e-06
0.197500  6.90613e-05  3.81392e-06
0.197778  6.87321e-05  3.79825e-06
0.198056  6.84027e-05  3.78290e-06
0.198333  6.80730e-05  3.76787e-06
0.198611  6.77431e-05  3.75314e-06
0.198889  6.74132e-05  3.73871e-06
0.199167  6.70835e-05  3.72453e-06
0.199444  6.67541e-05  3.71057e-06
0.199722  6.64252e-05  3.69678e-06
0.200000  6.60971e-05  3.68313e-06
0.200278  6.57701e-05  3.66956e-06
0.200556  6.54445e-05  3.65602e-06
0.200833  6.51205e-05  3.64247e-06
0.201111  6.47983e-05  3.62885e-06
0.201389  6.44784e-05  3.61512e-06
0.201667  6.41609e-05  3.60126e-06
0.201944  6.38460e-05  3.58724e-06
0.202222  6.35341e-05  3.57304e-06
0.202500  6.32252e-05  3.55866e-06
0.202778  6.29196e-05  3.54410e-06
0.203056  6.26173e-05  3.52937e-06
0.203333  6.23185e-05  3.51449e-06
0.203611  6.20232e-05  3.49948e-06
0.203889  6.17313e-05  3.48437e-06
0.204167  6.14429e-05  3.46919e-06
0.204444  6.11579e-05  3.45397e-06
0.204722  6.08761e-05  3.43874e-06
0.205000  6.05974e-05  3.42353e-06
0.205278  6.03216e-05  3.40836e-06
0.205556  6.00485e-05  3.39326e-06
0.205833  5.97778e-05  3.37824e-06
0.206111  5.95094e-05  3.36333e-06
0.206389  5.92429e-05  3.34853e-06
0.206667  5.89781e-05  3.33387e-06
0.206944  5.87146e-05  3.31934e-06
0.207222  5.84522e-05  3.30497e-06
0.207500  5.81907e-05  3.29076e-06
0.207778  5.79298e-05  3.27673e-06
0.208056  5.76692e-05  3.26289e-06
0.208333  5.74087e-05  3.24925e-06
0.208611  5.71483e-05  3.23584e-06
0.208889  5.68876e-05  3.22266e-06
0.209167  5.66267e-05  3.20974e-06
0.209444  5.63654e-05  3.19708e-06
0.209722  5.61037e-05  3.18469e-06
0.210000  5.58415e-05  3.17257e-06
0.210278  5.55791e-05  3.16073e-06
0.210556  5.53163e-05  3.14915e-06
0.210833  5.50534e-05  3.13782e-06
0.211111  5.47905e-05  3.12670e-06
0.211389  5.45277e-05  3.11578e-06
0.211667  5.42652e-05  3.10502e-06
0.211944  5.40033e-05  3.09436e-06
0.212222  5.37422e-05  3.08378e-06
0.212500  5.34821e-05  3.07322e-06
0.212778  5.32233e-05  3.06265e-06
0.213056  5.29660e-05  3.05201e-06
0.213333  5.27105e-05  3.04127e-06
0.213611  5.24569e-05  3.03040e-06
0.213889  5.22056e-05  3.01938e-06
0.214167  5.19567e-05  3.00819e-06
0.214444  5.17103e-05  2.99681e-06
0.214722  5.14666e-05  2.98527e-06
0.215000  5.12258e-05  2.97355e-06
0.215278  5.09878e-05  2.96168e-06
0.215556  5.07527e-05  2.94968e-06
0.215833  5.05206e-05  2.93757e-06
0.216111  5.02913e-05  2.92539e-06
0.216389  5.00649e-05  2.91315e-06
0.216667  4.98412e-05  2.90089e-06
0.216944  4.96201e-05  2.88863e-06
0.217222  4.94015e-05  2.87641e-06
0.217500  4.91850e-05  2.86423e-06
0.217778  4.89707e-05  2.85212e-06
0.218056  4.87581e-05  2.84010e-06
0.218333  4.85471e-05  2.82817e-06
0.218611  4.83374e-05  2.81634e-06
0.218889  4.81288e-05  2.80464e-06
0.219167  4.79211e-05  2.79306e-06
0.219444  4.77140e-05  2.78162e-06
0.219722  4.75072e-05  2.77032e-06
0.220000  4.73007e-05  2.75918e-06
0.220278  4.70942e-05  2.74821e-06
0.220556  4.68875e-05  2.73742e-06
0.220833  4.66805e-05  2.72683e-06
0.221111  4.64731e-05  2.71645e-06
0.221389  4.62653e-05  2.70629e-06
0.221667  4.60570e-05  2.69637e-06
0.221944  4.58483e-05  2.68668e-06
0.222222  4.56391e-05  2.67722e-06
0.222500  4.54295e-05  2.66799e-06
0.222778  4.52196e-05  2.65898e-06
0.223056  4.50096e-05  2.65017e-06
0.223333  4.47996e-05  2.64152e-06
0.223611  4.45897e-05  2.63301e-06
0.223889  4.43802e-05  2.62461e-06
0.224167  4.41713e-05  2.61626e-06
0.224444  4.39631e-05  2.60794e-06
0.224722  4.37560e-05  2.59961e-06
0.225000  4.35501e-05  2.59121e-06
0.225278  4.33456e-05  2.58272e-06
0.225556  4.31428e-05  2.57411e-06
0.225833  4.29418e-05  2.56535e-06
0.226111  4.27427e-05  2.55643e-06
0.226389  4.25459e-05  2.54733e-06
0.226667  4.23513e-05  2.53807e-06
0.226944  4.21591e-05  2.52864e-06
0.227222  4.19693e-05  2.51906e-06
0.227500  4.17820e-05  2.50935e-06
0.227778  4.15972e-05  2.49953e-06
0.228056  4.14148e-05  2.48962e-06
0.228333  4.12349e-05  2.47965e-06
0.228611  4.10572e-05  2.46966e-06
0.228889  4.08818e-05  2.45966e-06
0.229167  4.07083e-05  2.44967e-06
0.229444  4.05368e-05  2.43973e-06
0.229722  4.03670e-05  2.42983e-06
0.230000  4.01987e-05  2.42001e-06
0.230278  4.00317e-05  2.41027e-06
0.230556  3.98657e-05  2.40062e-06
0.230833  3.97007e-05  2.39107e-06
0.231111  3.95363e-05  2.38162e-06
0.231389  3.93723e-05  2.37229e-06
0.231667  3.92085e-05  2.36308e-06
0.231944  3.90449e-05  2.35400e-06
0.232222  3.88811e-05  2.34506e-06
0.232500  3.87170e-05  2.33628e-06
0.232778  3.85527e-05  2.32766e-06
0.233056  3.83878e-05  2.31923e-06
0.233333  3.82225e-05  2.31098e-06
0.233611  3.80566e-05  2.30293e-06
0.233889  3.78902e-05  2.29508e-06
0.234167  3.77232e-05  2.28744e-06
0.234444  3.75559e-05  2.28000e-06
0.234722  3.73881e-05  2.27275e-06
0.235000  3.72201e-05  2.26568e-06
0.235278  3.70520e-05  2.25876e-06
0.235556  3.68839e-05  2.25196e-06
0.235833  3.67161e-05  2.24526e-06
0.236111  3.65486e-05  2.23863e-06
0.236389  3.63817e-05  2.23201e-06
0.236667  3.62156e-05  2.22537e-06
0.236944  3.60505e-05  2.21869e-06
0.237222  3.58865e-05  2.21192e-06
0.237500  3.57239e-05  2.20503e-06
0.237778  3.55628e-05  2.19801e-06
0.238056  3.54034e-05  2.19083e-06
0.238333  3.52459e-05  2.18349e-06
0.238611  3.50902e-05  2.17598e-06
0.238889  3.49366e-05  2.16831e-06
0.239167  3.47851e-05  2.16050e-06
0.239444  3.46356e-05  2.15255e-06
0.239722  3.44884e-05  2.14449e-06
0.240000  3.43432e-05  2.13634e-06
0.240278  3.42000e-05  2.12814e-06
0.240556  3.40589e-05  2.11989e-06
0.240833  3.39196e-05  2.11163e-06
0.241111  3.37820e-05  2.10338e-06
0.241389  3.36461e-05  2.09516e-06
0.241667  3.35116e-05  2.08699e-06
0.241944  3.33783e-05  2.07887e-06
0.242222  3.32462e-05  2.07082e-06
0.242500  3.31149e-05  2.06285e-06
0.242778  3.29843e-05  2.05497e-06
0.243056  3.28542e-05  2.04718e-06
0.243333  3.27244e-05  2.03948e-06
0.243611  3.25947e-05  2.03189e-06
0.243889  3.24650e-05  2.02441e-06
0.244167  3.23352e-05  2.01705e-06
0.244444  3.22050e-05  2.00981e-06
0.244722  3.20744e-05  2.00273e-06
0.245000  3.19432e-05  1.99579e-06
0.245278  3.18116e-05  1.98901e-06
0.245556  3.16793e-05  1.98241e-06
0.245833  3.15465e-05  1.97599e-06
0.246111  3.14131e-05  1.96974e-06
0.246389  3.12792e-05  1.96368e-06
0.246667  3.11449e-05  1.95779e-06
0.246944  3.10103e-05  1.95206e-06
0.247222  3.08754e-05  1.94646e-06
0.247500  3.07405e-05  1.94099e-06
0.247778  3.06057e-05  1.93560e-06
0.248056  3.04711e-05  1.93028e-06
0.248333  3.03370e-05  1.92497e-06
0.248611  3.02034e-05  1.91965e-06
0.248889  3.00707e-05  1.91429e-06
0.249167  2.99389e-05  1.90884e-06
0.249444  2.98082e-05  1.90330e-06
0.249722  2.96788e-05  1.89762e-06
0.250000  2.95508e-05  1.89180e-06
0.250278  2.94244e-05  1.88582e-06
0.250556  2.92996e-05  1.87968e-06
0.250833  2.91765e-05  1.87339e-06
0.251111  2.90553e-05  1.86695e-06
0.251389  2.89359e-05  1.86038e-06
0.251667  2.88183e-05  1.85370e-06
0.251944  2.87025e-05  1.84694e-06
0.252222  2.85885e-05  1.84010e-06
0.252500  2.84762e-05  1.83323e-06
0.252778  2.83655e-05  1.82633e-06
0.253056  2.82563e-05  1.81945e-06
0.253333  2.81485e-05  1.81258e-06
0.253611  2.80419e-05  1.80575e-06
0.253889  2.79364e-05  1.79897e-06
0.254167  2.78318e-05  1.79225e-06
0.254444  2.77279e-05  1.78560e-06
0.254722  2.76245e-05  1.77903e-06
0.255000  2.75215e-05  1.77253e-06
0.255278  2.74188e-05  1.76612e-06
0.255556  2.73160e-05  1.75980e-06
0.255833  2.72132e-05  1.75357e-06
0.256111  2.71101e-05  1.74745e-06
0.256389  2.70067e-05  1.74143e-06
0.256667  2.69028e-05  1.73554e-06
0.256944  2.67984e-05  1.72978e-06
0.257222  2.66933e-05  1.72416e-06
0.257500  2.65877e-05  1.71869e-06
0.257778  2.64815e-05  1.71338e-06
0.258056  2.63747e-05  1.70823e-06
0.258333  2.62673e-05  1.70323e-06
0.258611  2.61595e-05  1.69840e-06
0.258889  2.60513e-05  1.69371e-06
0.259167  2.59428e-05  1.68915e-06
0.259444  2.58341e-05  1.68470e-06
0.259722  2.57255e-05  1.68034e-06
0.260000  2.56169e-05  1.67603e-06
0.260278  2.55087e-05  1.67175e-06
0.260556  2.54010e-05  1.66746e-06
0.260833  2.52938e-05  1.66313e-06
0.261111  2.51875e-05  1.65873e-06
0.261389  2.50821e-05  1.65423e-06
0.261667  2.49777e-05  1.64961e-06
0.261944  2.48746e-05  1.64485e-06
0.262222  2.47728e-05  1.63995e-06
0.262500  2.46724e-05  1.63489e-06
0.262778  2.45735e-05  1.62968e-06
0.263056  2.44761e-05  1.62434e-06
0.263333  2.43804e-05  1.61886e-06
0.263611  2.42862e-05  1.61327e-06
0.263889  2.41936e-05  1.60760e-06
0.264167  2.41026e-05  1.60185e-06
0.264444  2.40130e-05  1.59607e-06
0.264722  2.39249e-05  1.59026e-06
0.265000  2.38381e-05  1.58444e-06
0.265278  2.37524e-05  1.57865e-06
0.265556  2.36678e-05  1.57289e-06
0.265833  2.35841e-05  1.56717e-06
0.266111  2.35012e-05  1.56151e-06
0.266389  2.34188e-05  1.55590e-06
0.266667  2.33369e-05  1.55037e-06
0.266944  2.32553e-05  1.54490e-06
0.267222  2.31738e-05  1.53951e-06
0.267500  2.30923e-05  1.53420e-06
0.267778  2.30106e-05  1.52897e-06
0.268056  2.29287e-05  1.52382e-06
0.268333  2.28463e-05  1.51878e-06
0.268611  2.27635e-05  1.51383e-06
0.268889  2.26801e-05  1.50900e-06
0.269167  2.25961e-05  1.50430e-06
0.269444  2.25115e-05  1.49972e-06
0.269722  2.24263e-05  1.49529e-06
0.270000  2.23404e-05  1.49100e-06
0.270278  2.22540e-05  1.48685e-06
0.270556  2.21671e-05  1.48285e-06
0.270833  2.20797e-05  1.47898e-06
0.271111  2.19920e-05  1.47524e-06
0.271389  2.19041e-05  1.47159e-06
0.271667  2.18161e-05  1.46803e-06
0.271944  2.17282e-05  1.46453e-06
0.272222  2.16405e-05  1.46105e-06
0.272500  2.15531e-05  1.45757e-06
0.272778  2.14662e-05  1.45406e-06
0.273056  2.13799e-05  1.45048e-06
0.273333  2.12944e-05  1.44681e-06
0.273611  2.12098e-05  1.44303e-06
0.273889  2.11263e-05  1.43912e-06
0.274167  2.10439e-05  1.43508e-06
0.274444  2.09627e-05  1.43088e-06
0.274722  2.08829e-05  1.42655e-06
0.275000  2.08043e-05  1.42207e-06
0.275278  2.07272e-05  1.41747e-06
0.275556  2.06515e-05  1.41276e-06
0.275833  2.05771e-05  1.40796e-06
0.276111  2.05042e-05  1.40309e-06
0.276389  2.04325e-05  1.39817e-06
0.276667  2.03620e-05  1.39323e-06
0.276944  2.02927e-05  1.38828e-06
0.277222  2.02244e-05  1.38335e-06
0.277500  2.01571e-05  1.37844e-06
0.277778  2.00905e-05  1.37357e-06
0.278056  2.00246e-05  1.36876e-06
0.278333  1.99592e-05  1.36399e-06
0.278611  1.98941e-05  1.35929e-06
0.278889  1.98292e-05  1.35465e-06
0.279167  1.97644e-05  1.35008e-06
0.279444  1.96996e-05  1.34557e-06
0.279722  1.96345e-05  1.34114e-06
0.280000  1.95691e-05  1.33678e-06
0.280278  1.95033e-05  1.33251e-06
0.280556  1.94370e-05  1.32833e-06
0.280833  1.93702e-05  1.32424e-06
0.281111  1.93027e-05  1.32027e-06
0.281389  1.92346e-05  1.31641e-06
0.281667  1.91659e-05  1.31267e-06
0.281944  1.90966e-05  1.30907e-06
0.282222  1.90266e-05  1.30560e-06
0.282500  1.89562e-05  1.30226e-06
0.282778  1.88853e-05  1.29904e-06
0.283056  1.88140e-05  1.29594e-06
0.283333  1.87424e-05  1.29293e-06
0.283611  1.86707e-05  1.29001e-06
0.283889  1.85990e-05  1.28715e-06
0.284167  1.85274e-05  1.28431e-06
0.284444  1.84561e-05  1.28147e-06
0.284722  1.83851e-05  1.27861e-06
0.285000  1.83147e-05  1.27569e-06
0.285278  1.82449e-05  1.27269e-06
0.285556  1.81759e-05  1.26958e-06
0.285833  1.81077e-05  1.26636e-06
0.286111  1.80406e-05  1.26300e-06
0.286389  1.79745e-05  1.25950e-06
0.286667  1.79096e-05  1.25587e-06
0.286944  1.78459e-05  1.25210e-06
0.287222  1.77834e-05  1.24821e-06
0.287500  1.77221e-05  1.24421e-06
0.287778  1.76620e-05  1.24011e-06
0.288056  1.76032e-05  1.23595e-06
0.288333  1.75455e-05  1.23174e-06
0.288611  1.74889e-05  1.22750e-06
0.288889  1.74333e-05  1.22326e-06
0.289167  1.73786e-05  1.21902e-06
0.289444  1.73248e-05  1.21481e-06
0.289722  1.72716e-05  1.21063e-06
0.290000  1.72189e-05  1.20649e-06
0.290278  1.71667e-05  1.20241e-06
0.290556  1.71148e-05  1.19838e-06
0.290833  1.70630e-05  1.19441e-06
0.291111  1.70113e-05  1.19050e-06
0.291389  1.69594e-05  1.18665e-06
0.291667  1.69074e-05  1.18287e-06
0.291944  1.68550e-05  1.17915e-06
0.292222  1.68021e-05  1.17550e-06
0.292500  1.67488e-05  1.17194e-06
0.292778  1.66949e-05  1.16846e-06
0.293056  1.66404e-05  1.16507e-06
0.293333  1.65853e-05  1.16179e-06
0.293611  1.65296e-05  1.15862e-06
0.293889  1.64732e-05  1.15556e-06
0.294167  1.64162e-05  1.15263e-06
0.294444  1.63587e-05  1.14981e-06
0.294722  1.63007e-05  1.14712e-06
0.295000  1.62424e-05  1.14453e-06
0.295278  1.61837e-05  1.14204e-06
0.295556  1.61248e-05  1.13963e-06
0.295833  1.60659e-05  1.13727e-06
0.296111  1.60070e-05  1.13494e-06
0.296389  1.59483e-05  1.13263e-06
0.296667  1.58898e-05  1.13028e-06
0.296944  1.58318e-05  1.12790e-06
0.297222  1.57744e-05  1.12543e-06
0.297500  1.57176e-05  1.12287e-06
0.297778  1.56616e-05  1.12020e-06
0.298056  1.56064e-05  1.11741e-06
0.298333  1.55522e-05  1.11448e-06
0.298611  1.54990e-05  1.11142e-06
0.298889  1.54468e-05  1.10822e-06
0.299167  1.53958e-05  1.10491e-06
0.299444  1.53458e-05  1.10149e-06
0.299722  1.52970e-05  1.09798e-06
0.300000  1.52492e-05  1.09440e-06
0.300278  1.52024e-05  1.09076e-06
0.300556  1.51566e-05  1.08710e-06
0.300833  1.51118e-05  1.08343e-06
0.301111  1.50677e-05  1.07976e-06
0.301389  1.50243e-05  1.07611e-06
0.301667  1.49816e-05  1.07250e-06
0.301944  1.49393e-05  1.06892e-06
0.302222  1.48974e-05  1.06540e-06
0.302500  1.48557e-05  1.06192e-06
0.302778  1.48142e-05  1.05850e-06
0.303056  1.47726e-05  1.05513e-06
0.303333  1.47309e-05  1.05182e-06
0.303611  1.46890e-05  1.04856e-06
0.303889  1.46468e-05  1.04537e-06
0.304167  1.46041e-05  1.04223e-06
0.304444  1.45609e-05  1.03917e-06
0.304722  1.45172e-05  1.03618e-06
0.305000  1.44729e-05  1.03327e-06
0.305278  1.44279e-05  1.03046e-06
0.305556  1.43823e-05  1.02774e-06
0.305833  1.43361e-05  1.02513e-06
0.306111  1.42894e-05  1.02264e-06
0.306389  1.42420e-05  1.02025e-06
0.306667  1.41942e-05  1.01797e-06
0.306944  1.41460e-05  1.01580e-06
0.307222  1.40975e-05  1.01372e-06
0.307500  1.40487e-05  1.01172e-06
0.307778  1.39998e-05  1.00977e-06
0.308056  1.39509e-05  1.00786e-06
0.308333  1.39021e-05  1.00595e-06
0.308611  1.38536e-05  1.00404e-06
0.308889  1.38054e-05  1.00208e-06
0.309167  1.37576e-05  1.00005e-06
0.309444  1.37104e-05  9.97939e-07
0.309722  1.36639e-05  9.95721e-07
0.310000  1.36182e-05  9.93384e-07
0.310278  1.35733e-05  9.90921e-07
0.310556  1.35293e-05  9.88330e-07
0.310833  1.34862e-05  9.85612e-07
0.311111  1.34441e-05  9.82777e-07
0.311389  1.34030e-05  9.79836e-07
0.311667  1.33629e-05  9.76805e-07
0.311944  1.33237e-05  9.73702e-07
0.312222  1.32855e-05  9.70548e-07
0.312500  1.32482e-05  9.67361e-07
0.312778  1.32117e-05  9.64160e-07
0.313056  1.31759e-05  9.60963e-07
0.313333  1.31407e-05  9.57783e-07
0.313611  1.31061e-05  9.54633e-07
0.313889  1.30719e-05  9.51521e-07
0.314167  1.30380e-05  9.48453e-07
0.314444  1.30044e-05  9.45433e-07
0.314722  1.29708e-05  9.42463e-07
0.315000  1.29372e-05  9.39542e-07
0.315278  1.29034e-05  9.36672e-07
0.315556  1.28694e-05  9.33853e-07
0.315833  1.28351e-05  9.31086e-07
0.316111  1.28004e-05  9.28376e-07
0.316389  1.27651e-05  9.25725e-07
0.316667  1.27294e-05  9.23140e-07
0.316944  1.26930e-05  9.20629e-07
0.317222  1.26561e-05  9.18199e-07
0.317500  1.26185e-05  9.15859e-07
0.317778  1.25803e-05  9.13614e-07
0.318056  1.25415e-05  9.11471e-07
0.318333  1.25022e-05  9.09432e-07
0.318611  1.24624e-05  9.07496e-07
0.318889  1.24222e-05  9.05659e-07
0.319167  1.23817e-05  9.03910e-07
0.319444  1.23408e-05  9.02236e-07
0.319722  1.22999e-05  9.00621e-07
0.320000  1.22589e-05  8.99043e-07
0.320278  1.22180e-05  8.97480e-07
0.320556  1.21772e-05  8.95906e-07
0.320833  1.21367e-05  8.94297e-07
0.321111  1.20966e-05  8.92629e-07
0.321389  1.20570e-05  8.90882e-07
0.321667  1.20180e-05  8.89036e-07
0.321944  1.19797e-05  8.87079e-07
0.322222  1.19421e-05  8.85001e-07
0.322500  1.19053e-05  8.82800e-07
0.322778  1.18694e-05  8.80477e-07
0.323056  1.18343e-05  8.78039e-07
0.323333  1.18002e-05  8.75496e-07
0.323611  1.17669e-05  8.72864e-07
0.323889  1.17345e-05  8.70161e-07
0.324167  1.17030e-05  8.67404e-07
0.324444  1.16722e-05  8.64613e-07
0.324722  1.16422e-05  8.61806e-07
0.325000  1.16129e-05  8.58999e-07
0.325278  1.15841e-05  8.56209e-07
0.325556  1.15559e-05  8.53445e-07
0.325833  1.15280e-05  8.50717e-07
0.326111  1.15004e-05  8.48030e-07
0.326389  1.14730e-05  8.45389e-07
0.326667  1.14456e-05  8.42794e-07
0.326944  1.14182e-05  8.40246e-07
0.327222  1.13907e-05  8.37745e-07
0.327500  1.13629e-05  8.35289e-07
0.327778  1.13348e-05  8.32881e-07
0.328056  1.13063e-05  8.30522e-07
0.328333  1.12773e-05  8.28216e-07
0.328611  1.12478e-05  8.25967e-07
0.328889  1.12177e-05  8.23784e-07
0.329167  1.11870e-05  8.21672e-07
0.329444  1.11558e-05  8.19641e-07
0.329722  1.11239e-05  8.17697e-07
0.330000  1.10915e-05  8.15846e-07
0.330278  1.10585e-05  8.14091e-07
0.330556  1.10251e-05  8.12434e-07
0.330833  1.09912e-05  8.10869e-07
0.331111  1.09570e-05  8.09391e-07
0.331389  1.09225e-05  8.07987e-07
0.331667  1.08878e-05  8.06642e-07
0.331944  1.08531e-05  8.05336e-07
0.332222  1.08183e-05  8.04049e-07
0.332500  1.07838e-05  8.02757e-07
0.332778  1.07494e-05  8.01436e-07
0.333056  1.07154e-05  8.00063e-07
0.333333  1.06818e-05  7.98617e-07
0.333611  1.06487e-05  7.97080e-07
0.333889  1.06162e-05  7.95437e-07
0.334167  1.05844e-05  7.93681e-07
0.334444  1.05533e-05  7.91805e-07
0.334722  1.05230e-05  7.89812e-07
0.335000  1.04935e-05  7.87706e-07
0.335278  1.04648e-05  7.85497e-07
0.335556  1.04369e-05  7.83200e-07
0.335833  1.04099e-05  7.80830e-07
0.336111  1.03836e-05  7.78406e-07
0.336389  1.03580e-05  7.75947e-07
0.336667  1.03331e-05  7.73469e-07
0.336944  1.03088e-05  7.70990e-07
0.337222  1.02851e-05  7.68525e-07
0.337500  1.02618e-05  7.66084e-07
0.337778  1.02389e-05  7.63677e-07
0.338056  1.02162e-05  7.61310e-07
0.338333  1.01937e-05  7.58985e-07
0.338611  1.01712e-05  7.56705e-07
0.338889  1.01487e-05  7.54469e-07
0.339167  1.01260e-05  7.52276e-07
0.339444  1.01031e-05  7.50126e-07
0.339722  1.00799e-05  7.48018e-07
0.340000  1.00563e-05  7.45954e-07
0.340278  1.00323e-05  7.43936e-07
0.340556  1.00077e-05  7.41969e-07
0.340833  9.98258e-06  7.40059e-07
0.341111  9.95690e-06  7.38214e-07
0.341389  9.93064e-06  7.36440e-07
0.341667  9.90380e-06  7.34745e-07
0.341944  9.87640e-06  7.33136e-07
0.342222  9.84848e-06  7.31616e-07
0.342500  9.82008e-06  7.30188e-07
0.342778  9.79125e-06  7.28848e-07
0.343056  9.76207e-06  7.27592e-07
0.343333  9.73261e-06  7.26408e-07
0.343611  9.70297e-06  7.25284e-07
0.343889  9.67322e-06  7.24202e-07
0.344167  9.64347e-06  7.23142e-07
0.344444  9.61381e-06  7.22082e-07
0.344722  9.58434e-06  7.20998e-07
0.345000  9.55516e-06  7.19870e-07
0.345278  9.52635e-06  7.18674e-07
0.345556  9.49800e-06  7.17395e-07
0.345833  9.47019e-06  7.16016e-07
0.346111  9.44298e-06  7.14529e-07
0.346389  9.41643e-06  7.12927e-07
0.346667  9.39058e-06  7.11211e-07
0.346944  9.36546e-06  7.09385e-07
0.347222  9.34110e-06  7.07459e-07
0.347500  9.31748e-06  7.05444e-07
0.347778  9.29461e-06  7.03356e-07
0.348056  9.27245e-06  7.01213e-07
0.348333  9.25098e-06  6.99032e-07
0.348611  9.23013e-06  6.96832e-07
0.348889  9.20985e-06  6.94629e-07
0.349167  9.19006e-06  6.92437e-07
0.349444  9.17069e-06  6.90267e-07
0.349722  9.15164e-06  6.88130e-07
0.350000  9.13283e-06  6.86031e-07
0.350278  9.11417e-06  6.83972e-07
0.350556  9.09555e-06  6.81957e-07
0.350833  9.07689e-06  6.79983e-07
0.351111  9.05809e-06  6.78050e-07
0.351389  9.03906e-06  6.76157e-07
0.351667  9.01973e-06  6.74302e-07
0.351944  9.00002e-06  6.72486e-07
0.352222  8.97988e-06  6.70712e-07
0.352500  8.95925e-06  6.68982e-07
0.352778  8.93810e-06  6.67303e-07
0.353056  8.91639e-06  6.65681e-07
0.353333  8.89413e-06  6.64123e-07
0.353611  8.87131e-06  6.62637e-07
0.353889  8.84795e-06  6.61229e-07
0.354167  8.82408e-06  6.59904e-07
0.354444  8.79973e-06  6.58666e-07
0.354722  8.77496e-06  6.57512e-07
0.355000  8.74984e-06  6.56438e-07
0.355278  8.72444e-06  6.55437e-07
0.355556  8.69883e-06  6.54496e-07
0.355833  8.67311e-06  6.53598e-07
0.356111  8.64735e-06  6.52726e-07
0.356389  8.62166e-06  6.51858e-07
0.356667  8.59613e-06  6.50972e-07
0.356944  8.57083e-06  6.50047e-07
0.357222  8.54587e-06  6.49062e-07
0.357500  8.52132e-06  6.47999e-07
0.357778  8.49725e-06  6.46844e-07
0.358056  8.47373e-06  6.45584e-07
0.358333  8.45081e-06  6.44215e-07
0.358611  8.42854e-06  6.42735e-07
0.358889  8.40694e-06  6.41148e-07
0.359167  8.38603e-06  6.39461e-07
0.359444  8.36582e-06  6.37686e-07
0.359722  8.34629e-06  6.35838e-07
0.360000  8.32743e-06  6.33934e-07
0.360278  8.30921e-06  6.31991e-07
0.360556  8.29157e-06  6.30026e-07
0.360833  8.27446e-06  6.28056e-07
0.361111  8.25781e-06  6.26096e-07
0.361389  8.24155e-06  6.24156e-07
0.361667  8.22560e-06  6.22246e-07
0.361944  8.20987e-06  6.20373e-07
0.362222  8.19428e-06  6.18540e-07
0.362500  8.17873e-06  6.16747e-07
0.362778  8.16313e-06  6.14995e-07
0.363056  8.14740e-06  6.13282e-07
0.363333  8.13146e-06  6.11606e-07
0.363611  8.11523e-06  6.09965e-07
0.363889  8.09864e-06  6.08360e-07
0.364167  8.08164e-06  6.06791e-07
0.364444  8.06417e-06  6.05262e-07
0.364722  8.04621e-06  6.03777e-07
0.365000  8.02771e-06  6.02343e-07
0.365278  8.00868e-06  6.00966e-07
0.365556  7.98911e-06  5.99655e-07
0.365833  7.96901e-06  5.98415e-07
0.366111  7.94841e-06  5.97253e-07
0.366389  7.92736e-06  5.96172e-07
0.366667  7.90589e-06  5.95171e-07
0.366944  7.88407e-06  5.94249e-07
0.367222  7.86196e-06  5.93398e-07
0.367500  7.83963e-06  5.92607e-07
0.367778  7.81718e-06  5.91862e-07
0.368056  7.79468e-06  5.91145e-07
0.368333  7.77221e-06  5.90437e-07
0.368611  7.74988e-06  5.89717e-07
0.368889  7.72775e-06  5.88963e-07
0.369167  7.70591e-06  5.88155e-07
0.369444  7.68444e-06  5.87276e-07
0.369722  7.66341e-06  5.86309e-07
0.370000  7.64288e-06  5.85244e-07
0.370278  7.62290e-06  5.84074e-07
0.370556  7.60351e-06  5.82797e-07
0.370833  7.58475e-06  5.81414e-07
0.371111  7.56663e-06  5.79933e-07
0.371389  7.54916e-06  5.78366e-07
0.371667  7.53233e-06  5.76724e-07
0.371944  7.51612e-06  5.75025e-07
0.372222  7.50050e-06  5.73286e-07
0.372500  7.48544e-06  5.71523e-07
0.372778  7.47087e-06  5.69753e-07
0.373056  7.45674e-06  5.67990e-07
0.373333  7.44298e-06  5.66246e-07
0.373611  7.42951e-06  5.64531e-07
0.373889  7.41625e-06  5.62851e-07
0.374167  7.40312e-06  5.61209e-07
0.374444  7.39003e-06  5.59607e-07
0.374722  7.37690e-06  5.58043e-07
0.375000  7.36365e-06  5.56517e-07
0.375278  7.35020e-06  5.55026e-07
0.375556  7.33647e-06  5.53568e-07
0.375833  7.32241e-06  5.52142e-07
0.376111  7.30795e-06  5.50749e-07
0.376389  7.29305e-06  5.49390e-07
0.376667  7.27767e-06  5.48071e-07
0.376944  7.26178e-06  5.46796e-07
0.377222  7.24538e-06  5.45572e-07
0.377500  7.22847e-06  5.44408e-07
0.377778  7.21104e-06  5.43309e-07
0.378056  7.19313e-06  5.42283e-07
0.378333  7.17477e-06  5.41332e-07
0.378611  7.15601e-06  5.40459e-07
0.378889  7.13690e-06  5.39661e-07
0.379167  7.11750e-06  5.38933e-07
0.379444  7.09788e-06  5.38266e-07
0.379722  7.07811e-06  5.37646e-07
0.380000  7.05829e-06  5.37058e-07
0.380278  7.03848e-06  5.36482e-07
0.380556  7.01877e-06  5.35899e-07
0.380833  6.99924e-06  5.35289e-07
0.381111  6.97997e-06  5.34631e-07
0.381389  6.96103e-06  5.33907e-07
0.381667  6.94249e-06  5.33101e-07
0.381944  6.92440e-06  5.32202e-07
0.382222  6.90683e-06  5.31203e-07
0.382500  6.88981e-06  5.30099e-07
0.382778  6.87336e-06  5.28893e-07
0.383056  6.85751e-06  5.27591e-07
0.383333  6.84227e-06  5.26202e-07
0.383611  6.82763e-06  5.24739e-07
0.383889  6.81358e-06  5.23218e-07
0.384167  6.80008e-06  5.21654e-07
0.384444  6.78711e-06  5.20065e-07
0.384722  6.77460e-06  5.18467e-07
0.385000  6.76251e-06  5.16875e-07
0.385278  6.75077e-06  5.15300e-07
0.385556  6.73931e-06  5.13751e-07
0.385833  6.72805e-06  5.12237e-07
0.386111  6.71692e-06  5.10759e-07
0.386389  6.70583e-06  5.09320e-07
0.386667  6.69470e-06  5.07919e-07
0.386944  6.68346e-06  5.06554e-07
0.387222  6.67204e-06  5.05222e-07
0.387500  6.66036e-06  5.03920e-07
0.387778  6.64836e-06  5.02649e-07
0.388056  6.63598e-06  5.01406e-07
0.388333  6.62318e-06  5.00194e-07
0.388611  6.60993e-06  4.99016e-07
0.388889  6.59620e-06  4.97878e-07
0.389167  6.58197e-06  4.96785e-07
0.389444  6.56725e-06  4.95746e-07
0.389722  6.55203e-06  4.94766e-07
0.390000  6.53635e-06  4.93854e-07
0.390278  6.52023e-06  4.93012e-07
0.390556  6.50371e-06  4.92245e-07
0.390833  6.48685e-06  4.91550e-07
0.391111  6.46970e-06  4.90925e-07
0.391389  6.45233e-06  4.90359e-07
0.391667  6.43481e-06  4.89843e-07
0.391944  6.41721e-06  4.89361e-07
0.392222  6.39961e-06  4.88896e-07
0.392500  6.38209e-06  4.88428e-07
0.392778  6.36472e-06  4.87938e-07
0.393056  6.34758e-06  4.87405e-07
0.393333  6.33074e-06  4.86813e-07
0.393611  6.31427e-06  4.86145e-07
0.393889  6.29821e-06  4.85389e-07
0.394167  6.28263e-06  4.84536e-07
0.394444  6.26756e-06  4.83583e-07
0.394722  6.25302e-06  4.82530e-07
0.395000  6.23905e-06  4.81382e-07
0.395278  6.22565e-06  4.80148e-07
0.395556  6.21281e-06  4.78840e-07
0.395833  6.20053e-06  4.77472e-07
0.396111  6.18877e-06  4.76061e-07
0.396389  6.17750e-06  4.74624e-07
0.396667  6.16669e-06  4.73175e-07
0.396944  6.15626e-06  4.71729e-07
0.397222  6.14618e-06  4.70299e-07
0.397500  6.13636e-06  4.68895e-07
0.397778  6.12674e-06  4.67523e-07
0.398056  6.11724e-06  4.66187e-07
0.398333  6.10779e-06  4.64889e-07
0.398611  6.09831e-06  4.63627e-07
0.398889  6.08873e-06  4.62401e-07
0.399167  6.07898e-06  4.61206e-07
0.399444  6.06898e-06  4.60041e-07
0.399722  6.05868e-06  4.58903e-07
0.400000  6.04803e-06  4.57790e-07
0.400278  6.03699e-06  4.56705e-07
0.400556  6.02550e-06  4.55650e-07
0.400833  6.01356e-06  4.54629e-07
0.401111  6.00115e-06  4.53649e-07
0.401389  5.98825e-06  4.52717e-07
0.401667  5.97489e-06  4.51839e-07
0.401944  5.96107e-06  4.51023e-07
0.402222  5.94683e-06  4.50274e-07
0.402500  5.93220e-06  4.49595e-07
0.402778  5.91723e-06  4.48986e-07
0.403056  5.90198e-06  4.48445e-07
0.403333  5.88650e-06  4.47964e-07
0.403611  5.87086e-06  4.47533e-07
0.403889  5.85513e-06  4.47139e-07
0.404167  5.83939e-06  4.46765e-07
0.404444  5.82371e-06  4.46394e-07
0.404722  5.80816e-06  4.46005e-07
0.405000  5.79282e-06  4.45579e-07
0.405278  5.77774e-06  4.45099e-07
0.405556  5.76300e-06  4.44548e-07
0.405833  5.74865e-06  4.43914e-07
0.406111  5.73473e-06  4.43188e-07
0.406389  5.72129e-06  4.42365e-07
0.406667  5.70835e-06  4.41445e-07
0.406944  5.69594e-06  4.40432e-07
0.407222  5.68407e-06  4.39333e-07
0.407500  5.67273e-06  4.38160e-07
0.407778  5.66191e-06  4.36926e-07
0.408056  5.65159e-06  4.35648e-07
0.408333  5.64175e-06  4.34342e-07
0.408611  5.63233e-06  4.33022e-07
0.408889  5.62329e-06  4.31704e-07
0.409167  5.61457e-06  4.30400e-07
0.409444  5.60611e-06  4.29120e-07
0.409722  5.59785e-06  4.27872e-07
0.410000  5.58970e-06  4.26658e-07
0.410278  5.58161e-06  4.25482e-07
0.410556  5.57350e-06  4.24342e-07
0.410833  5.56530e-06  4.23236e-07
0.411111  5.55693e-06  4.22161e-07
0.411389  5.54834e-06  4.21113e-07
0.411667  5.53947e-06  4.20091e-07
0.411944  5.53026e-06  4.19092e-07
0.412222  5.52068e-06  4.18118e-07
0.412500  5.51068e-06  4.17169e-07
0.412778  5.50025e-06  4.16251e-07
0.413056  5.48936e-06  4.15369e-07
0.413333  5.47802e-06  4.14529e-07
0.413611  5.46622e-06  4.13738e-07
0.413889  5.45398e-06  4.13005e-07
0.414167  5.44133e-06  4.12334e-07
0.414444  5.42831e-06  4.11729e-07
0.414722  5.41494e-06  4.11193e-07
0.415000  5.40130e-06  4.10722e-07
0.415278  5.38743e-06  4.10311e-07
0.415556  5.37339e-06  4.09952e-07
0.415833  5.35926e-06  4.09631e-07
0.416111  5.34511e-06  4.09334e-07
0.416389  5.33099e-06  4.09043e-07
0.416667  5.31699e-06  4.08739e-07
0.416944  5.30316e-06  4.08404e-07
0.417222  5.28959e-06  4.08020e-07
0.417500  5.27631e-06  4.07570e-07
0.417778  5.26340e-06  4.07042e-07
0.418056  5.25089e-06  4.06426e-07
0.418333  5.23883e-06  4.05717e-07
0.418611  5.22724e-06  4.04912e-07
0.418889  5.21614e-06  4.04016e-07
0.419167  5.20556e-06  4.03035e-07
0.419444  5.19547e-06  4.01981e-07
0.419722  5.18589e-06  4.00865e-07
0.420000  5.17678e-06  3.99703e-07
0.420278  5.16812e-06  3.98510e-07
0.420556  5.15987e-06  3.97303e-07
0.420833  5.15198e-06  3.96096e-07
0.421111  5.14440e-06  3.94901e-07
0.421389  5.13708e-06  3.93729e-07
0.421667  5.12995e-06  3.92587e-07
0.421944  5.12294e-06  3.91479e-07
0.422222  5.11599e-06  3.90408e-07
0.422500  5.10902e-06  3.89373e-07
0.422778  5.10197e-06  3.88371e-07
0.423056  5.09477e-06  3.87400e-07
0.423333  5.08737e-06  3.86455e-07
0.423611  5.07969e-06  3.85534e-07
0.423889  5.07171e-06  3.84635e-07
0.424167  5.06337e-06  3.83757e-07
0.424444  5.05463e-06  3.82902e-07
0.424722  5.04548e-06  3.82073e-07
0.425000  5.03590e-06  3.81275e-07
0.425278  5.02587e-06  3.80515e-07
0.425556  5.01541e-06  3.79801e-07
0.425833  5.00452e-06  3.79138e-07
0.426111  4.99324e-06  3.78534e-07
0.426389  4.98159e-06  3.77993e-07
0.426667  4.96960e-06  3.77517e-07
0.426944  4.95734e-06  3.77105e-07
0.427222  4.94485e-06  3.76754e-07
0.427500  4.93220e-06  3.76454e-07
0.427778  4.91944e-06  3.76194e-07
0.428056  4.90664e-06  3.75961e-07
0.428333  4.89387e-06  3.75738e-07
0.428611  4.88119e-06  3.75507e-07
0.428889  4.86867e-06  3.75250e-07
0.429167  4.85638e-06  3.74948e-07
0.429444  4.84436e-06  3.74586e-07
0.429722  4.83268e-06  3.74150e-07
0.430000  4.82138e-06  3.73631e-07
0.430278  4.81049e-06  3.73021e-07
0.430556  4.80005e-06  3.72319e-07
0.430833  4.79007e-06  3.71526e-07
0.431111  4.78057e-06  3.70650e-07
0.431389  4.77156e-06  3.69699e-07
0.431667  4.76301e-06  3.68686e-07
0.431944  4.75492e-06  3.67626e-07
0.432222  4.74726e-06  3.66534e-07
0.432500  4.74000e-06  3.65426e-07
0.432778  4.73308e-06  3.64315e-07
0.433056  4.72647e-06  3.63215e-07
0.433333  4.72010e-06  3.62137e-07
0.433611  4.71393e-06  3.61087e-07
0.433889  4.70787e-06  3.60071e-07
0.434167  4.70188e-06  3.59091e-07
0.434444  4.69588e-06  3.58147e-07
0.434722  4.68980e-06  3.57236e-07
0.435000  4.68360e-06  3.56354e-07
0.435278  4.67720e-06  3.55499e-07
0.435556  4.67055e-06  3.54667e-07
0.435833  4.66361e-06  3.53854e-07
0.436111  4.65632e-06  3.53060e-07
0.436389  4.64867e-06  3.52287e-07
0.436667  4.64062e-06  3.51536e-07
0.436944  4.63215e-06  3.50812e-07
0.437222  4.62326e-06  3.50123e-07
0.437500  4.61395e-06  3.49473e-07
0.437778  4.60423e-06  3.48872e-07
0.438056  4.59413e-06  3.48325e-07
0.438333  4.58366e-06  3.47837e-07
0.438611  4.57287e-06  3.47413e-07
0.438889  4.56181e-06  3.47050e-07
0.439167  4.55052e-06  3.46747e-07
0.439444  4.53906e-06  3.46497e-07
0.439722  4.52748e-06  3.46288e-07
0.440000  4.51586e-06  3.46109e-07
0.440278  4.50425e-06  3.45944e-07
0.440556  4.49273e-06  3.45775e-07
0.440833  4.48134e-06  3.45584e-07
0.441111  4.47015e-06  3.45354e-07
0.441389  4.45923e-06  3.45068e-07
0.441667  4.44860e-06  3.44713e-07
0.441944  4.43834e-06  3.44278e-07
0.442222  4.42846e-06  3.43757e-07
0.442500  4.41900e-06  3.43145e-07
0.442778  4.40999e-06  3.42445e-07
0.443056  4.40142e-06  3.41661e-07
0.443333  4.39332e-06  3.40803e-07
0.443611  4.38566e-06  3.39882e-07
0.443889  4.37844e-06  3.38913e-07
0.444167  4.37163e-06  3.37910e-07
0.444444  4.36520e-06  3.36888e-07
0.444722  4.35912e-06  3.35862e-07
0.445000  4.35332e-06  3.34846e-07
0.445278  4.34777e-06  3.33849e-07
0.445556  4.34240e-06  3.32880e-07
0.445833  4.33716e-06  3.31944e-07
0.446111  4.33198e-06  3.31043e-07
0.446389  4.32680e-06  3.30177e-07
0.446667  4.32156e-06  3.29345e-07
0.446944  4.31620e-06  3.28542e-07
0.447222  4.31066e-06  3.27765e-07
0.447500  4.30489e-06  3.27010e-07
0.447778  4.29884e-06  3.26273e-07
0.448056  4.29247e-06  3.25553e-07
0.448333  4.28575e-06  3.24851e-07
0.448611  4.27865e-06  3.24169e-07
0.448889  4.27115e-06  3.23510e-07
0.449167  4.26324e-06  3.22881e-07
0.449444  4.25493e-06  3.22288e-07
0.449722  4.24623e-06  3.21739e-07
0.450000  4.23715e-06  3.21241e-07
0.450278  4.22772e-06  3.20799e-07
0.450556  4.21797e-06  3.20417e-07
0.450833  4.20796e-06  3.20096e-07
0.451111  4.19771e-06  3.19833e-07
0.451389  4.18729e-06  3.19623e-07
0.451667  4.17675e-06  3.19458e-07
0.451944  4.16616e-06  3.19323e-07
0.452222  4.15557e-06  3.19206e-07
0.452500  4.14504e-06  3.19090e-07
0.452778  4.13464e-06  3.18956e-07
0.453056  4.12442e-06  3.18788e-07
0.453333  4.11444e-06  3.18569e-07
0.453611  4.10474e-06  3.18285e-07
0.453889  4.09537e-06  3.17926e-07
0.454167  4.08637e-06  3.17482e-07
0.454444  4.07777e-06  3.16952e-07
0.454722  4.06958e-06  3.16334e-07
0.455000  4.06182e-06  3.15634e-07
0.455278  4.05450e-06  3.14859e-07
0.455556  4.04761e-06  3.14021e-07
0.455833  4.04113e-06  3.13133e-07
0.456111  4.03505e-06  3.12209e-07
0.456389  4.02934e-06  3.11265e-07
0.456667  4.02396e-06  3.10315e-07
0.456944  4.01886e-06  3.09372e-07
0.457222  4.01400e-06  3.08447e-07
0.457500  4.00933e-06  3.07549e-07
0.457778  4.00478e-06  3.06683e-07
0.458056  4.00030e-06  3.05851e-07
0.458333  3.99582e-06  3.05055e-07
0.458611  3.99130e-06  3.04291e-07
0.458889  3.98667e-06  3.03557e-07
0.459167  3.98187e-06  3.02849e-07
0.459444  3.97685e-06  3.02161e-07
0.459722  3.97158e-06  3.01491e-07
0.460000  3.96600e-06  3.00837e-07
0.460278  3.96008e-06  3.00197e-07
0.460556  3.95381e-06  2.99575e-07
0.460833  3.94715e-06  2.98973e-07
0.461111  3.94011e-06  2.98397e-07
0.461389  3.93267e-06  2.97853e-07
0.461667  3.92486e-06  2.97349e-07
0.461944  3.91668e-06  2.96892e-07
0.462222  3.90816e-06  2.96488e-07
0.462500  3.89933e-06  2.96141e-07
0.462778  3.89023e-06  2.95854e-07
0.463056  3.88090e-06  2.95624e-07
0.463333  3.87140e-06  2.95447e-07
0.463611  3.86177e-06  2.95316e-07
0.463889  3.85208e-06  2.95219e-07
0.464167  3.84238e-06  2.95142e-07
0.464444  3.83274e-06  2.95069e-07
0.464722  3.82320e-06  2.94984e-07
0.465000  3.81383e-06  2.94869e-07
0.465278  3.80467e-06  2.94708e-07
0.465556  3.79578e-06  2.94487e-07
0.465833  3.78720e-06  2.94194e-07
0.466111  3.77896e-06  2.93820e-07
0.466389  3.77110e-06  2.93362e-07
0.466667  3.76363e-06  2.92819e-07
0.466944  3.75657e-06  2.92194e-07
0.467222  3.74992e-06  2.91494e-07
0.467500  3.74369e-06  2.90730e-07
0.467778  3.73786e-06  2.89915e-07
0.468056  3.73241e-06  2.89063e-07
0.468333  3.72732e-06  2.88189e-07
0.468611  3.72254e-06  2.87306e-07
0.468889  3.71804e-06  2.86429e-07
0.469167  3.71378e-06  2.85568e-07
0.469444  3.70970e-06  2.84733e-07
0.469722  3.70575e-06  2.83929e-07
0.470000  3.70187e-06  2.83159e-07
0.470278  3.69800e-06  2.82424e-07
0.470556  3.69410e-06  2.81722e-07
0.470833  3.69009e-06  2.81049e-07
0.471111  3.68593e-06  2.80401e-07
0.471389  3.68158e-06  2.79774e-07
0.471667  3.67697e-06  2.79163e-07
0.471944  3.67208e-06  2.78567e-07
0.472222  3.66687e-06  2.77984e-07
0.472500  3.66132e-06  2.77415e-07
0.472778  3.65540e-06  2.76863e-07
0.473056  3.64911e-06  2.76334e-07
0.473333  3.64245e-06  2.75833e-07
0.473611  3.63542e-06  2.75369e-07
0.473889  3.62803e-06  2.74947e-07
0.474167  3.62031e-06  2.74575e-07
0.474444  3.61228e-06  2.74258e-07
0.474722  3.60399e-06  2.73998e-07
0.475000  3.59548e-06  2.73794e-07
0.475278  3.58679e-06  2.73644e-07
0.475556  3.57797e-06  2.73541e-07
0.475833  3.56908e-06  2.73473e-07
0.476111  3.56017e-06  2.73429e-07
0.476389  3.55130e-06  2.73393e-07
0.476667  3.54253e-06  2.73348e-07
0.476944  3.53390e-06  2.73279e-07
0.477222  3.52548e-06  2.73168e-07
0.477500  3.51729e-06  2.73001e-07
0.477778  3.50940e-06  2.72766e-07
0.478056  3.50183e-06  2.72454e-07
0.478333  3.49462e-06  2.72060e-07
0.478611  3.48778e-06  2.71583e-07
0.478889  3.48133e-06  2.71025e-07
0.479167  3.47527e-06  2.70393e-07
0.479444  3.46962e-06  2.69697e-07
0.479722  3.46434e-06  2.68947e-07
0.480000  3.45944e-06  2.68159e-07
0.480278  3.45487e-06  2.67347e-07
0.480556  3.45062e-06  2.66525e-07
0.480833  3.44664e-06  2.65707e-07
0.481111  3.44289e-06  2.64903e-07
0.481389  3.43933e-06  2.64124e-07
0.481667  3.43589e-06  2.63375e-07
0.481944  3.43253e-06  2.62660e-07
0.482222  3.42919e-06  2.61979e-07
0.482500  3.42582e-06  2.61331e-07
0.482778  3.42236e-06  2.60712e-07
0.483056  3.41876e-06  2.60119e-07
0.483333  3.41497e-06  2.59546e-07
0.483611  3.41096e-06  2.58988e-07
0.483889  3.40667e-06  2.58444e-07
0.484167  3.40208e-06  2.57912e-07
0.484444  3.39716e-06  2.57391e-07
0.484722  3.39190e-06  2.56885e-07
0.485000  3.38627e-06  2.56398e-07
0.485278  3.38029e-06  2.55936e-07
0.485556  3.37394e-06  2.55506e-07
0.485833  3.36726e-06  2.55116e-07
0.486111  3.36025e-06  2.54772e-07
0.486389  3.35294e-06  2.54479e-07
0.486667  3.34537e-06  2.54242e-07
0.486944  3.33758e-06  2.54061e-07
0.487222  3.32961e-06  2.53932e-07
0.487500  3.32151e-06  2.53851e-07
0.487778  3.31333e-06  2.53808e-07
0.488056  3.30512e-06  2.53790e-07
0.488333  3.29694e-06  2.53785e-07
0.488611  3.28884e-06  2.53775e-07
0.488889  3.28088e-06  2.53744e-07
0.489167  3.27310e-06  2.53676e-07
0.489444  3.26554e-06  2.53556e-07
0.489722  3.25826e-06  2.53373e-07
0.490000  3.25128e-06  2.53116e-07
0.490278  3.24464e-06  2.52779e-07
0.490556  3.23835e-06  2.52361e-07
0.490833  3.23243e-06  2.51864e-07
0.491111  3.22690e-06  2.51292e-07
0.491389  3.22174e-06  2.50656e-07
0.491667  3.21695e-06  2.49966e-07
0.491944  3.21252e-06  2.49235e-07
0.492222  3.20842e-06  2.48479e-07
0.492500  3.20462e-06  2.47711e-07
0.492778  3.20109e-06  2.46944e-07
0.493056  3.19778e-06  2.46191e-07
0.493333  3.19466e-06  2.45461e-07
0.493611  3.19167e-06  2.44761e-07
0.493889  3.18876e-06  2.44093e-07
0.494167  3.18588e-06  2.43460e-07
0.494444  3.18297e-06  2.42860e-07
0.494722  3.17998e-06  2.42290e-07
0.495000  3.17687e-06  2.41745e-07
0.495278  3.17359e-06  2.41220e-07
0.495556  3.17009e-06  2.40711e-07
0.495833  3.16633e-06  2.40214e-07
0.496111  3.16228e-06  2.39727e-07
0.496389  3.15793e-06  2.39250e-07
0.496667  3.15324e-06  2.38785e-07
0.496944  3.14820e-06  2.38336e-07
0.497222  3.14282e-06  2.37909e-07
0.497500  3.13709e-06  2.37510e-07
0.497778  3.13103e-06  2.37148e-07
0.498056  3.12465e-06  2.36828e-07
0.498333  3.11799e-06  2.36558e-07
0.498611  3.11106e-06  2.36340e-07
0.498889  3.10391e-06  2.36176e-07
0.499167  3.09658e-06  2.36066e-07
0.499444  3.08912e-06  2.36003e-07
0.499722  3.08157e-06  2.35979e-07
0.500000  3.07399e-06  2.35984e-07
